LABEL,ID,TRACK_ID,QUALITY,POSITION_X,POSITION_Y,POSITION_Z,POSITION_T,FRAME,RADIUS,VISIBILITY,MANUAL_SPOT_COLOR,MEAN_INTENSITY_CH1,MEDIAN_INTENSITY_CH1,MIN_INTENSITY_CH1,MAX_INTENSITY_CH1,TOTAL_INTENSITY_CH1,STD_INTENSITY_CH1,CONTRAST_CH1,SNR_CH1
Label,Spot ID,Track ID,Quality,X,Y,Z,T,Frame,Radius,Visibility,Manual spot color,Mean intensity ch1,Median intensity ch1,Min intensity ch1,Max intensity ch1,Sum intensity ch1,Std intensity ch1,Contrast ch1,Signal/Noise ratio ch1
Label,Spot ID,Track ID,Quality,X,Y,Z,T,Frame,R,Visibility,Spot color,Mean ch1,Median ch1,Min ch1,Max ch1,Sum ch1,Std ch1,Ctrst ch1,SNR ch1
,,,(quality),(micron),(micron),(micron),(sec),,(micron),,,(counts),(counts),(counts),(counts),(counts),(counts),,
ID8288,8288,0,1.0253134965896606,350.27702485424123,238.84644681479725,0.0,12603.468820600001,7,7.5,1,,84.19354838709663,0.0,0.0,255.0,133110.0,119.95792187947032,0.9432553608922486,0.681364156090075
ID8451,8451,0,1.0608166456222534,356.6186548877052,237.95228205275671,0.0,1800.4955458000002,1,7.5,1,,89.99999999999969,0.0,0.0,255.0,142290.0,121.8991334430939,0.8963928849833458,0.6979783796492246
ID8675,8675,0,1.041957974433899,349.5440876662633,239.07544241597154,0.0,14403.964366400001,8,7.5,1,,86.4516129032256,0.0,0.0,255.0,136680.0,120.74975050000968,0.9115075382911606,0.6828119346776839
ID8775,8775,0,1.0489805936813354,348.73272486828375,238.97983132111594,0.0,18004.955458,10,7.5,1,,86.29032258064495,0.0,0.0,255.0,136425.0,120.69476549936363,0.9284452339657225,0.688418661032238
ID8904,8904,0,1.0199130773544312,348.5315409620079,239.88326157233803,0.0,21605.9465496,12,7.5,1,,83.7096774193547,0.0,0.0,255.0,132345.0,119.78202180653264,0.930129791835259,0.6735518998950364
ID8233,8233,0,1.0118439197540283,354.50303834006695,238.71201664837574,0.0,5401.4866374,3,7.5,1,,86.29032258064495,0.0,0.0,255.0,136425.0,120.69476549936363,0.8447655425227306,0.6547849154131693
ID8618,8618,0,1.1229015588760376,351.19604995057443,240.29467455329328,0.0,0.0,0,7.5,1,,92.4193548387093,0.0,0.0,255.0,146115.0,122.61773202694559,1.0,0.7537193300753589
ID8396,8396,0,1.0566507577896118,350.75317903597727,238.06621503443722,0.0,9002.477729,5,7.5,1,,87.09677419354816,0.0,0.0,255.0,137700.0,120.96728868841296,0.9830766589555251,0.7138582800956731
ID8341,8341,0,1.037222146987915,351.62034793010287,238.45948513330762,0.0,7201.982183200001,4,7.5,1,,85.96774193548367,0.0,0.0,255.0,135915.0,120.58407265892178,0.9494357766133802,0.6944360018800988
ID8565,8565,0,1.0723990201950073,350.5430655974512,238.36846992662433,0.0,10802.9732748,6,7.5,1,,89.03225806451584,0.0,0.0,255.0,140760.0,121.59701902064953,0.9659132151271637,0.7194957310307454
ID8725,8725,0,1.042367696762085,348.8120601001303,238.8521354148727,0.0,16204.459912200002,9,7.5,1,,85.96774193548367,0.0,0.0,255.0,135915.0,120.58407265892178,0.9343879574141378,0.6887462068716885
ID8821,8821,0,1.0232353210449219,348.3692026970839,239.31364579933037,0.0,19805.4510038,11,7.5,1,,83.7096774193547,0.0,0.0,255.0,132345.0,119.78202180653264,0.9149825956926664,0.6678240064736289
ID8508,8508,0,1.0192763805389404,359.1878755033358,238.67846880759444,0.0,3600.9910916000003,2,7.5,1,,88.064516129032,0.0,0.0,255.0,139230.0,121.28642587222059,0.805423030642725,0.6478341180708659
ID8863,8863,0,1.031581163406372,348.26469751334326,239.80794502366936,0.0,23406.4420954,13,7.5,1,,83.87096774193535,0.0,0.0,255.0,132600.0,119.84090106464922,0.9770877085449453,0.6917420839738543
ID8865,8865,1,1.1838666200637817,431.3368281947757,253.46015110217138,0.0,23406.4420954,13,7.5,1,,107.25806451612823,0.0,0.0,255.0,169575.0,125.92276794582237,0.9026351679905154,0.8081880420723104
ID8290,8290,1,1.178402066230774,431.85803750282827,254.24259440783135,0.0,12603.468820600001,7,7.5,1,,106.45161290322503,0.0,0.0,255.0,168300.0,125.79039615488185,0.9107170154491162,0.8067181657623707
ID8677,8677,1,1.182985782623291,431.3924974192684,254.29177370835697,0.0,14403.964366400001,8,7.5,1,,105.80645161290246,0.0,0.0,255.0,167280.0,125.6806702311158,0.935165961038196,0.813662183496674
ID8454,8454,1,1.2851812839508057,430.68382602104344,255.33101650340822,0.0,1800.4955458000002,1,7.5,1,,116.77419354838602,0.0,0.0,255.0,184620.0,127.08824898395568,1.0,0.918843358705243
ID8777,8777,1,1.1784684658050537,431.3903027073313,253.61859413906737,0.0,18004.955458,10,7.5,1,,105.48387096774118,0.0,0.0,255.0,166770.0,125.6245280580835,0.9278971846332146,0.8082721206818776
ID8906,8906,1,1.170474886894226,431.4757811364785,253.48493134778218,0.0,21605.9465496,12,7.5,1,,104.67741935483798,0.0,0.0,255.0,165495.0,125.48043239422768,0.9072833892705338,0.7936604332023144
ID8235,8235,1,1.2042992115020752,430.9752969827927,254.57338461887903,0.0,5401.4866374,3,7.5,1,,112.41935483870873,0.0,0.0,255.0,177735.0,126.6450510952769,0.875073701696548,0.8285317398298292
ID8621,8621,1,1.3035756349563599,430.6430396837918,255.2262594391843,0.0,0.0,0,7.5,1,,119.67741935483755,0.0,0.0,255.0,189210.0,127.30006782509193,1.0,0.9401206252244283
ID8398,8398,1,1.1887668371200562,431.6506918088424,253.95738762642748,0.0,9002.477729,5,7.5,1,,109.99999999999912,0.0,0.0,255.0,173910.0,126.33326931853239,0.8761532357524584,0.8132362107927817
ID8343,8343,1,1.1958718299865723,431.3353381452048,254.0028027770308,0.0,7201.982183200001,4,7.5,1,,110.96774193548296,0.0,0.0,255.0,175440.0,126.46363202352568,0.8817169023248561,0.8223107619846597
ID8567,8567,1,1.1806284189224243,431.73478821850017,254.14777881905667,0.0,10802.9732748,6,7.5,1,,108.54838709677335,0.0,0.0,255.0,171615.0,126.12354187634908,0.8681447946340259,0.7999057956848687
ID8727,8727,1,1.1957467794418335,431.1399131643532,253.98550357797637,0.0,16204.459912200002,9,7.5,1,,108.709677419354,0.0,0.0,255.0,171870.0,126.14768756173862,0.9260517457735222,0.828678770287002
ID8823,8823,1,1.1838711500167847,431.26179069843135,253.57273259505817,0.0,19805.4510038,11,7.5,1,,106.29032258064439,0.0,0.0,255.0,168045.0,125.76328412591705,0.9304271465948036,0.8147020476124834
ID8511,8511,1,1.2790241241455078,430.997309239942,255.15947396775047,0.0,3600.9910916000003,2,7.5,1,,115.4838709677409,0.0,0.0,255.0,182580.0,126.97267432207416,1.0,0.9095175129950308
ID8512,8512,2,1.4453449249267578,352.1444313090206,257.48298057262366,0.0,3600.9910916000003,2,7.5,1,,207.09677419354475,255.0,0.0,255.0,327420.0,99.63374127764223,0.8334667618835827,1.8897838589867766
ID8866,8866,2,1.330742597579956,344.31189630572567,258.89831965854637,0.0,23406.4420954,13,7.5,1,,149.99999999999798,255.0,0.0,255.0,237150.0,125.53871257277656,0.9684865604448951,1.175722226902344
ID8291,8291,2,1.3420485258102417,348.10933321424494,257.963716773836,0.0,12603.468820600001,7,7.5,1,,144.99999999999812,255.0,0.0,255.0,229245.0,126.33326931853178,0.9674175932827302,1.1287498176666007
ID8678,8678,2,1.3441030979156494,346.84091389560655,258.0369938436635,0.0,14403.964366400001,8,7.5,1,,145.3225806451594,255.0,0.0,255.0,229755.0,126.28813619743354,0.9674887425817562,1.1317075353004067
ID8455,8455,2,1.4532612562179565,348.06436107084704,257.42459182621025,0.0,1800.4955458000002,1,7.5,1,,208.5483870967705,255.0,0.0,255.0,329715.0,98.45577799447906,0.8308467378047736,1.9224920439677347
ID8778,8778,2,1.3753578662872314,345.27949581076456,258.26500026075365,0.0,18004.955458,10,7.5,1,,151.93548387096567,255.0,0.0,255.0,240210.0,125.17614783549581,0.9887740574930145,1.2069221106813717
ID8907,8907,2,1.3391140699386597,344.4145235296041,258.5718826806791,0.0,21605.9465496,12,7.5,1,,151.77419354838503,255.0,0.0,255.0,239955.0,125.20754513575599,0.9557939474150219,1.1847824355473235
ID8236,8236,2,1.3613808155059814,353.00999957018735,257.2243505548684,0.0,5401.4866374,3,7.5,1,,177.41935483870688,255.0,0.0,255.0,280500.0,117.35850885145118,0.8431884680872145,1.383156500740698
ID8622,8622,2,1.4094994068145752,338.6220634991101,262.07319422982545,0.0,0.0,0,7.5,1,,211.93548387096396,255.0,0.0,255.0,335070.0,95.56503325939698,0.7694396928290049,1.9287390662925523
ID8399,8399,2,1.3521686792373657,350.81204698183416,257.49117366111426,0.0,9002.477729,5,7.5,1,,155.32258064515912,255.0,0.0,255.0,245565.0,124.46667360339173,0.9560775430094262,1.2198840708761949
ID8344,8344,2,1.3750693798065186,352.717787457784,257.45049660022306,0.0,7201.982183200001,4,7.5,1,,171.45161290322318,255.0,0.0,255.0,271065.0,119.72289616472024,0.905328371126255,1.3609139089242295
ID8568,8568,2,1.3590474128723145,349.139520286498,257.95887599306224,0.0,10802.9732748,6,7.5,1,,150.4838709677399,255.0,0.0,255.0,237915.0,125.45097090277378,0.9707973711524399,1.1817688557774186
ID8728,8728,2,1.3570959568023682,345.7809604694604,258.11718482561474,0.0,16204.459912200002,9,7.5,1,,148.38709677419158,255.0,0.0,255.0,234600.0,125.81729544621734,0.9809183568786243,1.1680248256464998
ID8824,8824,2,1.366339921951294,344.7264651722778,258.3439840503848,0.0,19805.4510038,11,7.5,1,,152.74193548386887,255.0,0.0,255.0,241485.0,125.01591977023413,0.9844010354205638,1.212175722233181
ID8513,8513,3,1.499754786491394,329.8607819857454,278.6419066846495,0.0,3600.9910916000003,2,7.5,1,,195.16129032257734,255.0,0.0,255.0,308550.0,108.09991238467516,0.934814817470553,1.7445544039283518
ID8868,8868,3,1.290360689163208,326.86774468765196,284.45929754275005,0.0,23406.4420954,13,7.5,1,,132.5806451612888,255.0,0.0,255.0,209610.0,127.43904218587855,0.993123784919299,1.0367564271664802
ID8293,8293,3,1.36305832862854,329.1784293838431,279.85725838680077,0.0,12603.468820600001,7,7.5,1,,154.19354838709464,255.0,0.0,255.0,243780.0,124.71384150184628,0.9838168383605416,1.226292919949854
ID8456,8456,3,1.5308425426483154,330.4445813274045,279.52294179612136,0.0,1800.4955458000002,1,7.5,1,,206.77419354838347,255.0,0.0,255.0,326910.0,99.8907580116237,0.9456627172452577,2.0121934588569674
ID8680,8680,3,1.35410737991333,328.9113499575776,280.2462108791763,0.0,14403.964366400001,8,7.5,1,,154.99999999999784,255.0,0.0,255.0,245055.0,124.53838816438132,0.9875365673090052,1.2367915562109413
ID8780,8780,3,1.2854974269866943,329.6837509086357,280.7323467157884,0.0,18004.955458,10,7.5,1,,150.80645161290118,255.0,0.0,255.0,238425.0,125.3914043603646,0.9969715718518999,1.2008618360201435
ID8909,8909,3,1.3590669631958008,328.2461801330848,283.81103630005,0.0,21605.9465496,12,7.5,1,,146.61290322580453,255.0,0.0,255.0,231795.0,126.099185134676,1.0,1.162679228015784
ID8238,8238,3,1.4890679121017456,329.29969285229447,279.3154886832054,0.0,5401.4866374,3,7.5,1,,184.999999999997,255.0,0.0,255.0,292485.0,113.83407311754803,0.9623978784887796,1.594032015030283
ID8623,8623,3,1.5096957683563232,328.66094556212744,281.8515101530239,0.0,0.0,0,7.5,1,,217.58064516128638,255.0,0.0,255.0,343995.0,90.26007068095481,0.9053705503844666,2.2908755753196783
ID8401,8401,3,1.3878591060638428,329.1751282018517,279.2289963842505,0.0,9002.477729,5,7.5,1,,160.32258064515898,255.0,0.0,255.0,253470.0,123.24177504553657,0.9718713304629396,1.2823215591553383
ID8346,8346,3,1.4500651359558105,329.77960290547014,278.78260211006113,0.0,7201.982183200001,4,7.5,1,,172.90322580644894,255.0,0.0,255.0,273360.0,119.17961711281728,0.9668304691046494,1.4263119033435483
ID8570,8570,3,1.3541866540908813,329.3544794397659,279.6703636340978,0.0,10802.9732748,6,7.5,1,,154.032258064514,255.0,0.0,255.0,243525.0,124.74827655347366,0.9671419449964144,1.2141200848128237
ID8730,8730,3,1.3194981813430786,329.0564867738066,280.64771343698146,0.0,16204.459912200002,9,7.5,1,,151.2903225806431,255.0,0.0,255.0,239190.0,125.30044334514713,0.9761024375589266,1.1928188135487205
ID8826,8826,3,1.4396082162857056,329.095053968478,282.7600454627114,0.0,19805.4510038,11,7.5,1,,166.29032258064268,255.0,0.0,255.0,262905.0,121.49443322647616,0.9958825855418244,1.3658837598258375
ID8514,8514,4,1.080268144607544,393.384241357247,281.9067702485233,0.0,3600.9910916000003,2,7.5,1,,86.93548387096752,0.0,0.0,255.0,137445.0,120.91326376383317,1.0,0.7189904660978238
ID8867,8867,4,1.01947820186615,422.4666748831016,268.60707930706934,0.0,23406.4420954,13,7.5,1,,86.61290322580624,0.0,0.0,255.0,136935.0,120.80449499342681,0.8385801520212887,0.6540207228250832
ID8292,8292,4,1.0284144878387451,423.0655544413153,269.467796082045,0.0,12603.468820600001,7,7.5,1,,86.93548387096752,0.0,0.0,255.0,137445.0,120.91326376383317,0.8424737590391914,0.6575188359834756
ID8679,8679,4,1.0425556898117065,422.659899807806,270.0174949460207,0.0,14403.964366400001,8,7.5,1,,88.22580645161264,0.0,0.0,255.0,139485.0,121.33878293850582,0.8840110200921684,0.682339068324072
ID8457,8457,4,1.1272801160812378,390.86793618039854,281.1817265829288,0.0,1800.4955458000002,1,7.5,1,,92.74193548387058,0.0,0.0,255.0,146625.0,122.70962098415168,1.0,0.7557837335008025
ID8779,8779,4,1.037049412727356,422.81533837798554,269.28226321256375,0.0,18004.955458,10,7.5,1,,87.74193548387072,0.0,0.0,255.0,138720.0,121.18099944454231,0.8696412547242106,0.6735727783524447
ID8908,8908,4,1.0186775922775269,422.7275742471556,268.67897127254355,0.0,21605.9465496,12,7.5,1,,86.29032258064495,0.0,0.0,255.0,136425.0,120.69476549936363,0.8481540921033061,0.6562060595942567
ID8237,8237,4,1.0642144680023193,420.8182697485137,268.56395415229497,0.0,5401.4866374,3,7.5,1,,94.0322580645157,0.0,0.0,255.0,148665.0,123.06803036531791,0.798757836161107,0.6785846693444209
ID8624,8624,4,1.1532232761383057,383.40296576872646,287.24221263340877,0.0,0.0,0,7.5,1,,96.45161290322531,0.0,0.0,255.0,152490.0,123.70095511534109,1.0,0.779715991790783
ID8400,8400,4,1.0334855318069458,422.2872162303666,268.30514597046476,0.0,9002.477729,5,7.5,1,,89.83870967741905,0.0,0.0,255.0,142035.0,121.84936714141959,0.8068184628274926,0.6584632353353149
ID8345,8345,4,1.0571048259735107,421.20746122633074,267.9694939119078,0.0,7201.982183200001,4,7.5,1,,93.06451612903186,0.0,0.0,255.0,147135.0,122.80059327402483,0.8149094491770762,0.680562548687418
ID8569,8569,4,1.04458749294281,422.67863709681575,268.7781779127554,0.0,10802.9732748,6,7.5,1,,90.80645161290289,0.0,0.0,255.0,143565.0,122.14446409988966,0.8117751894496259,0.6661996162520659
ID8729,8729,4,1.0527302026748657,422.65011628675165,269.62914625774897,0.0,16204.459912200002,9,7.5,1,,89.99999999999969,0.0,0.0,255.0,142290.0,121.8991334430939,0.8727037335106194,0.6881286570808488
ID8825,8825,4,1.0255876779556274,422.8845447309173,269.3451391088683,0.0,19805.4510038,11,7.5,1,,86.12903225806431,0.0,0.0,255.0,136170.0,120.63953966263442,0.8650500456348527,0.6622784677496716
ID8517,8517,5,1.469948172569275,334.5262210894927,346.8690338490475,0.0,3600.9910916000003,2,7.5,1,,186.12903225806147,255.0,0.0,255.0,294270.0,113.25634549920088,0.965584212358436,1.6146562282418544
ID8870,8870,5,1.2291032075881958,331.82433155301146,345.70127306358927,0.0,23406.4420954,13,7.5,1,,114.99999999999898,0.0,0.0,255.0,181815.0,126.92592277946082,1.0,0.9060402909169024
ID8296,8296,5,1.3321272134780884,341.02542227399493,347.7287267646589,0.0,12603.468820600001,7,7.5,1,,144.35483870967556,255.0,0.0,255.0,228225.0,126.42101635759917,0.9850616860020005,1.1332650216516673
ID8459,8459,5,1.3921853303909302,325.51249995117814,342.1118933556745,0.0,1800.4955458000002,1,7.5,1,,173.70967741935215,255.0,0.0,255.0,274635.0,118.86905821628154,0.882871192178946,1.3704459852898876
ID8683,8683,5,1.3355436325073242,340.06044925407656,346.88603843853514,0.0,14403.964366400001,8,7.5,1,,145.48387096774005,255.0,0.0,255.0,230010.0,126.26525434528664,0.9782316430910001,1.1395294362872719
ID8783,8783,5,1.3319998979568481,336.9604508613557,344.34705993371676,0.0,18004.955458,10,7.5,1,,141.7741935483853,255.0,0.0,255.0,224145.0,126.73853876001301,1.0,1.1186352228412797
ID8912,8912,5,1.2962802648544312,335.7690266507516,343.73110886609265,0.0,21605.9465496,12,7.5,1,,128.54838709677279,255.0,0.0,255.0,203235.0,127.53603002553943,1.0,1.0079378123266862
ID8242,8242,5,1.4705790281295776,339.7162596874901,349.27149331496014,0.0,5401.4866374,3,7.5,1,,179.5161290322552,255.0,0.0,255.0,283815.0,116.44375737709116,0.9904905973601029,1.5342901134261953
ID8405,8405,5,1.3838893175125122,341.07669665443126,348.7414838345834,0.0,9002.477729,5,7.5,1,,159.1935483870945,255.0,0.0,255.0,251685.0,123.53712805866941,0.9516353960855295,1.2566949188651282
ID8828,8828,5,1.3392462730407715,336.1437689336334,343.64610269390863,0.0,19805.4510038,11,7.5,1,,138.87096774193378,255.0,0.0,255.0,219555.0,127.03211414316671,1.0,1.0931957535196537
ID8733,8733,5,1.3272401094436646,338.83817119346554,345.69857195917956,0.0,16204.459912200002,9,7.5,1,,143.22580645161108,255.0,0.0,255.0,226440.0,126.56650922600313,0.994426856839413,1.1284626802918958
ID8574,8574,5,1.3741660118103027,341.4411383461117,348.6247543117116,0.0,10802.9732748,6,7.5,1,,158.06451612903,255.0,0.0,255.0,249900.0,123.82147576390231,0.9827869343286885,1.2654696437182467
ID8351,8351,5,1.3771554231643677,340.91516994885654,348.5184456785281,0.0,7201.982183200001,4,7.5,1,,160.32258064515898,255.0,0.0,255.0,253470.0,123.24177504553657,0.9317964189405142,1.2549500093346397
ID8516,8516,6,1.2618391513824463,308.3306009588642,344.1526420566238,0.0,3600.9910916000003,2,7.5,1,,170.16129032257805,255.0,0.0,255.0,269025.0,120.18902272735349,0.6799462023051065,1.1460541550459906
ID8869,8869,6,1.196358561515808,307.99213007533825,343.5568744001137,0.0,23406.4420954,13,7.5,1,,138.38709677419186,255.0,0.0,255.0,218790.0,127.07452487172748,0.6765275496839293,0.8789049122252576
ID8295,8295,6,1.2164918184280396,309.08786347992975,343.9085750716079,0.0,12603.468820600001,7,7.5,1,,150.32258064515926,255.0,0.0,255.0,237660.0,125.4804323942279,0.7032882602875139,0.9892895619011353
ID8682,8682,6,1.2108386754989624,308.4885932874685,344.21048687456056,0.0,14403.964366400001,8,7.5,1,,151.2903225806431,255.0,0.0,255.0,239190.0,125.30044334514713,0.6950767782082592,0.9902205661164344
ID8460,8460,6,1.1991102695465088,305.5107190080833,345.440479170833,0.0,1800.4955458000002,1,7.5,1,,171.61290322580382,255.0,0.0,255.0,271320.0,119.66352377399114,0.624412467347882,1.1025375725829172
ID8782,8782,6,1.1999897956848145,308.4959614065001,344.34352572331824,0.0,18004.955458,10,7.5,1,,147.09677419354645,255.0,0.0,255.0,232560.0,126.02484734295875,0.6983250860066391,0.9598730169260468
ID8911,8911,6,1.1951736211776733,308.43076211418145,343.37348718144773,0.0,21605.9465496,12,7.5,1,,134.9999999999984,255.0,0.0,255.0,213435.0,127.31949247682735,0.6924925684649897,0.8676752549439761
ID8240,8240,6,1.257818341255188,308.423118298341,344.0954794437788,0.0,5401.4866374,3,7.5,1,,170.96774193548126,255.0,0.0,255.0,270300.0,119.89953430204781,0.6969576015451909,1.1712835468332052
ID8627,8627,6,1.3234273195266724,312.85332035115914,335.43729442449006,0.0,0.0,0,7.5,1,,227.5806451612861,255.0,0.0,255.0,359805.0,79.01938941572189,0.6649537975096255,2.3004930980056937
ID8403,8403,6,1.2316159009933472,308.2564477548702,343.14247167555544,0.0,9002.477729,5,7.5,1,,160.8064516129009,255.0,0.0,255.0,254235.0,123.11180668681715,0.6996558160851142,1.0753682842716834
ID8348,8348,6,1.252031922340393,307.8365957822981,343.00504079993914,0.0,7201.982183200001,4,7.5,1,,169.1935483870942,255.0,0.0,255.0,267495.0,120.52836415527337,0.6986420238301588,1.1547218218634323
ID8572,8572,6,1.2290197610855103,308.59854703386395,343.86365118708494,0.0,10802.9732748,6,7.5,1,,159.51612903225578,255.0,0.0,255.0,252195.0,123.45386787320521,0.6950152960783514,1.0596211974876082
ID8732,8732,6,1.215847134590149,308.0440374868181,344.23450880248834,0.0,16204.459912200002,9,7.5,1,,151.45161290322375,255.0,0.0,255.0,239445.0,125.26969273012676,0.696437794161785,0.9926640141932067
ID8829,8829,6,1.2059569358825684,308.04715095481544,344.63689588475046,0.0,19805.4510038,11,7.5,1,,145.96774193548197,255.0,0.0,255.0,230775.0,126.19534624721888,0.6991684964907756,0.9518947899457507
ID8352,8352,9,1.445582389831543,318.86980614367343,380.54319753119876,0.0,7201.982183200001,4,7.5,1,,184.999999999997,255.0,0.0,255.0,292485.0,113.83407311754803,0.9080103598187018,1.5468190908618433
ID8520,8520,9,1.4761430025100708,319.32780089464404,381.5143525873809,0.0,3600.9910916000003,2,7.5,1,,203.7096774193513,255.0,0.0,255.0,322065.0,102.24943979276,0.8727963478845417,1.8569622966564219
ID8872,8872,9,1.0609320402145386,313.37802445142216,378.2354532696026,0.0,23406.4420954,13,7.5,1,,84.99999999999983,0.0,0.0,255.0,134385.0,120.24618733922608,1.0,0.706883119380797
ID8297,8297,9,1.4060720205307007,318.0912749825875,380.27633391993373,0.0,12603.468820600001,7,7.5,1,,169.1935483870942,255.0,0.0,255.0,267495.0,120.52836415527337,0.9041254477668267,1.3330844670233604
ID8684,8684,9,1.4219688177108765,317.3607280441586,381.3149385133749,0.0,14403.964366400001,8,7.5,1,,177.58064516128752,255.0,0.0,255.0,280755.0,117.28972827715917,0.9166903303053622,1.448226010844083
ID8784,8784,9,1.539307951927185,316.38716600209824,382.186348836377,0.0,18004.955458,10,7.5,1,,196.1290322580612,255.0,0.0,255.0,310080.0,107.48773753263862,1.0,1.824664252501423
ID8465,8465,9,1.503060221672058,318.2154599465183,381.34838342460773,0.0,1800.4955458000002,1,7.5,1,,222.09677419354432,255.0,0.0,255.0,351135.0,85.51213620857665,0.8566142460684527,2.3966692555304907
ID8914,8914,9,1.355579137802124,313.7816991003403,379.42345321427064,0.0,21605.9465496,12,7.5,1,,145.3225806451594,255.0,0.0,255.0,229755.0,126.28813619743354,1.0,1.150722348281142
ID8244,8244,9,1.4591931104660034,319.1528356666591,381.22710647964357,0.0,5401.4866374,3,7.5,1,,191.12903225806133,255.0,0.0,255.0,302175.0,110.52295047023452,0.9026718082834303,1.6408549143583147
ID8406,8406,9,1.415534496307373,318.6377420064877,380.14345037897,0.0,9002.477729,5,7.5,1,,169.9999999999974,255.0,0.0,255.0,268770.0,120.24618733922537,0.9199311235471361,1.3548064808221982
ID8632,8632,9,1.477118968963623,319.8307536813361,381.2530762696817,0.0,0.0,0,7.5,1,,224.67741935483457,255.0,0.0,255.0,355215.0,82.56579840189191,0.816486285890796,2.446279122481457
ID8830,8830,9,1.5335325002670288,315.80367221321,382.1619762425867,0.0,19805.4510038,11,7.5,1,,186.12903225806147,255.0,0.0,255.0,294270.0,113.25634549920088,1.0,1.6434313807112448
ID8575,8575,9,1.396399974822998,318.29415123122726,380.0689829575475,0.0,10802.9732748,6,7.5,1,,172.7419354838683,255.0,0.0,255.0,273105.0,119.24097691542799,0.8887253221480556,1.3633300367400112
ID8735,8735,9,1.414960265159607,316.80498164356635,381.56505291651587,0.0,16204.459912200002,9,7.5,1,,189.35483870967428,255.0,0.0,255.0,299370.0,111.52621289051008,0.9591819018773908,1.6624770683025414
ID8832,8832,10,1.2666633129119873,283.8258563507618,398.9862681639575,0.0,19805.4510038,11,7.5,1,,191.4516129032226,255.0,0.0,255.0,302685.0,110.33649208815937,0.6372104933229911,1.3506668851498849
ID8353,8353,10,1.4771829843521118,286.15668848941414,399.3375998466735,0.0,7201.982183200001,4,7.5,1,,205.3225806451577,255.0,0.0,255.0,324615.0,101.02648945732267,0.9167363242663658,1.9440772334954286
ID8577,8577,10,1.3704891204833984,286.8128333008837,400.0056318295698,0.0,10802.9732748,6,7.5,1,,221.77419354838304,255.0,0.0,255.0,350625.0,85.86786429401793,0.7232263799615072,2.1679150858349807
ID8737,8737,10,1.319356918334961,284.5815831488475,398.92175602127116,0.0,16204.459912200002,9,7.5,1,,196.1290322580612,255.0,0.0,255.0,310080.0,107.48773753263862,0.6909301478319808,1.4911503509958235
ID8522,8522,10,1.526646614074707,283.08351613224676,400.44331715009037,0.0,3600.9910916000003,2,7.5,1,,221.29032258064112,255.0,0.0,255.0,349860.0,86.39645057588667,0.9268185430054837,2.4640550930211282
ID8874,8874,10,1.3712900876998901,283.41791996620526,399.0483752574376,0.0,23406.4420954,13,7.5,1,,196.77419354838375,255.0,0.0,255.0,311100.0,107.072814415099,0.7642004649458662,1.5921291137169447
ID8299,8299,10,1.3322690725326538,286.317811068784,400.06726097204887,0.0,12603.468820600001,7,7.5,1,,208.0645161290286,255.0,0.0,255.0,328950.0,98.85236216662445,0.6909915331389063,1.7201735189086849
ID8685,8685,10,1.320389747619629,285.07064681187103,399.60989660319416,0.0,14403.964366400001,8,7.5,1,,200.64516129031912,255.0,0.0,255.0,317220.0,104.46500817905981,0.6834018538464994,1.5594670227002008
ID8466,8466,10,1.549317717552185,281.2799221759119,400.99503177169925,0.0,1800.4955458000002,1,7.5,1,,225.9677419354797,255.0,0.0,255.0,357255.0,81.021638596023,0.9535368826435328,2.722646768148975
ID8786,8786,10,1.2774417400360107,284.2836517353452,398.8302391541721,0.0,18004.955458,10,7.5,1,,190.16129032257749,255.0,0.0,255.0,300645.0,111.07482331307443,0.6663291760189557,1.3691924997044151
ID8916,8916,10,1.2913395166397095,283.5808475423072,399.2350842261404,0.0,21605.9465496,12,7.5,1,,212.0967741935446,255.0,0.0,255.0,335325.0,95.42219374551829,0.6437444717114128,1.7409803506626709
ID8246,8246,10,1.5102109909057617,284.319803005922,400.2486961991529,0.0,5401.4866374,3,7.5,1,,208.70967741935115,255.0,0.0,255.0,329970.0,98.32269830118145,0.9378877566079263,2.054665087781827
ID8408,8408,10,1.4271160364151,286.5411396726471,399.6126021191822,0.0,9002.477729,5,7.5,1,,206.9354838709641,255.0,0.0,255.0,327165.0,99.7624628785402,0.8172389000111758,1.8656699053705488
ID8633,8633,10,1.4025171995162964,280.538471369909,401.99083964529507,0.0,0.0,0,7.5,1,,225.9677419354797,255.0,0.0,255.0,357255.0,81.021638596023,0.7482980320923893,2.387451476872652
ID8833,8833,11,1.513873815536499,461.50703078038117,405.9021313466715,0.0,19805.4510038,11,7.5,1,,179.0322580645133,255.0,0.0,255.0,283050.0,116.65883764977356,1.0,1.5346651970079936
ID8354,8354,11,1.5510358810424805,460.7920579434384,405.24637530012757,0.0,7201.982183200001,4,7.5,1,,198.22580645160951,255.0,0.0,255.0,313395.0,106.11895757305066,0.9976951941664065,1.8658033534087612
ID8578,8578,11,1.5431965589523315,461.5802604630183,405.5394050572968,0.0,10802.9732748,6,7.5,1,,192.2580645161258,255.0,0.0,255.0,303960.0,109.86481540671925,1.0,1.7499511905097822
ID8738,8738,11,1.530712366104126,460.9900299993545,405.9744190505955,0.0,16204.459912200002,9,7.5,1,,184.83870967741635,255.0,0.0,255.0,292230.0,113.9154524113394,1.0,1.6225955808872956
ID8523,8523,11,1.555776834487915,460.5978401289957,403.72794314034684,0.0,3600.9910916000003,2,7.5,1,,206.61290322580282,255.0,0.0,255.0,326655.0,100.0186283180133,0.9857131089680423,2.050881516675008
ID8875,8875,11,1.3824470043182373,462.5032453742873,405.97331990764616,0.0,23406.4420954,13,7.5,1,,138.38709677419186,255.0,0.0,255.0,218790.0,127.07452487172748,1.0,1.0890231296468242
ID8300,8300,11,1.5335304737091064,461.5913345967824,406.0375528693642,0.0,12603.468820600001,7,7.5,1,,185.8064516129002,255.0,0.0,255.0,293760.0,113.42285833902349,1.0,1.6381746530978836
ID8686,8686,11,1.5352827310562134,461.07583183050735,406.18442294582246,0.0,14403.964366400001,8,7.5,1,,188.06451612902916,255.0,0.0,255.0,297330.0,112.23260040882963,1.0,1.6756674570843646
ID8467,8467,11,1.5657602548599243,460.70274426249557,404.00570469492624,0.0,1800.4955458000002,1,7.5,1,,210.4838709677382,255.0,0.0,255.0,332775.0,96.82901162799563,0.9956632563842502,2.169044879560409
ID8787,8787,11,1.525109052658081,461.49629899125887,406.0263091436126,0.0,18004.955458,10,7.5,1,,182.09677419354546,255.0,0.0,255.0,287895.0,115.2555613681916,1.0,1.579939154622007
ID8917,8917,11,1.443261742591858,463.1158235093252,406.7755812972673,0.0,21605.9465496,12,7.5,1,,153.54838709677207,255.0,0.0,255.0,242760.0,124.85027374182512,1.0,1.2298602357435844
ID8247,8247,11,1.5560137033462524,460.41991797994757,404.90068101761614,0.0,5401.4866374,3,7.5,1,,203.7096774193513,255.0,0.0,255.0,322065.0,102.24943979276,0.9893911710343898,1.9816573563637592
ID8409,8409,11,1.5398976802825928,461.37920943696525,405.2710183736956,0.0,9002.477729,5,7.5,1,,192.2580645161258,255.0,0.0,255.0,303960.0,109.86481540671925,0.9994054045007607,1.7494307792418007
ID8634,8634,11,1.57756769657135,460.8489954998971,405.09678643782985,0.0,0.0,0,7.5,1,,222.4193548387056,255.0,0.0,255.0,351645.0,85.15369933965677,0.9907884996402212,2.5998894771861027
ID8355,8355,12,1.17656409740448,297.7391836393169,414.9903007098272,0.0,7201.982183200001,4,7.5,1,,150.32258064515926,255.0,0.0,255.0,237660.0,125.4804323942279,0.6524385844361723,0.9460030171695152
ID8579,8579,12,1.042975902557373,288.83062587040706,413.61109050326985,0.0,10802.9732748,6,7.5,1,,170.96774193548126,255.0,0.0,255.0,270300.0,119.89953430204781,0.406102519435548,0.8236550634018837
ID8739,8739,12,1.1718686819076538,277.6924898093975,411.3561327475111,0.0,16204.459912200002,9,7.5,1,,195.96774193548055,255.0,0.0,255.0,309825.0,107.5906134288659,0.5873580809339021,1.3479328000974446
ID8468,8468,12,1.3344980478286743,295.33802821486273,419.28872572711384,0.0,1800.4955458000002,1,7.5,1,,215.32258064515742,255.0,0.0,255.0,340425.0,92.45999984896288,0.6929670683059748,1.9064690947719203
ID8788,8788,12,1.0545244216918945,275.90223675316776,408.6189382725335,0.0,18004.955458,10,7.5,1,,193.87096774193222,255.0,0.0,255.0,306510.0,108.89740752403539,0.5651813912016225,1.2857259555642815
ID8248,8248,12,1.2362654209136963,300.01884931381,416.30366832825814,0.0,5401.4866374,3,7.5,1,,155.80645161290104,255.0,0.0,255.0,246330.0,124.35745429752993,0.7285198799284544,1.0561136068348456
ID8410,8410,12,1.0468560457229614,293.65066309942785,414.4616520615318,0.0,9002.477729,5,7.5,1,,149.03225806451414,255.0,0.0,255.0,235620.0,125.70842130345581,0.4695010181392951,0.7575521796419993
ID8635,8635,12,1.136433720588684,285.56718512980365,420.6775986092952,0.0,0.0,0,7.5,1,,232.25806451612468,255.0,0.0,255.0,367200.0,72.70035044958318,0.49148551134829005,2.105503533869974
ID8524,8524,12,1.1551119089126587,300.19825004422046,416.4335250103484,0.0,3600.9910916000003,2,7.5,1,,152.4193548387076,255.0,0.0,255.0,240975.0,125.08065997015643,0.6045556634853044,0.9182510990973346
ID8301,8301,12,1.1008766889572144,285.8875118292473,412.532237093409,0.0,12603.468820600001,7,7.5,1,,180.80645161290033,255.0,0.0,255.0,285855.0,115.85837265952055,0.47176629116901636,1.0004711027289555
ID8687,8687,12,1.158036231994629,281.33450059625295,412.17506222269367,0.0,14403.964366400001,8,7.5,1,,189.032258064513,255.0,0.0,255.0,298860.0,111.70462677213771,0.5224731479853848,1.1614729225565048
ID8834,8834,13,1.3337384462356567,284.8076484234169,429.87278043971895,0.0,19805.4510038,11,7.5,1,,134.1935483870952,255.0,0.0,255.0,212160.0,127.36446450682168,0.939671203274951,1.0208481782922099
ID8356,8356,13,1.1701676845550537,288.42716367920053,428.1930889552848,0.0,7201.982183200001,4,7.5,1,,129.67741935483727,255.0,0.0,255.0,205020.0,127.52174171506904,0.7247235677686412,0.8546002310829394
ID8580,8580,13,1.2025277614593506,286.1580568250483,429.69893645041293,0.0,10802.9732748,6,7.5,1,,133.06451612903072,255.0,0.0,255.0,210375.0,127.41881858150042,0.7346575094476223,0.8845652258755812
ID8740,8740,13,1.2925912141799927,283.957160106211,429.87473665014517,0.0,16204.459912200002,9,7.5,1,,140.80645161290147,255.0,0.0,255.0,222615.0,126.84386089582028,0.7991038165769653,0.9861207042982684
ID8876,8876,13,1.3801922798156738,284.92625458596336,428.7365556696198,0.0,23406.4420954,13,7.5,1,,135.48387096774033,255.0,0.0,255.0,214200.0,127.29004763543388,1.0,1.064371280273019
ID8525,8525,13,1.1470590829849243,289.5652301246756,425.9876407130367,0.0,3600.9910916000003,2,7.5,1,,141.61290322580467,255.0,0.0,255.0,223890.0,126.75661193343953,0.6491154999497759,0.8794944548144102
ID8302,8302,13,1.2466676235198975,284.406194326828,430.0174462441616,0.0,12603.468820600001,7,7.5,1,,136.9354838709661,255.0,0.0,255.0,216495.0,127.1906209705831,0.7481777983995763,0.9215313727826263
ID8688,8688,13,1.24537992477417,283.5657467521186,430.3514134517047,0.0,14403.964366400001,8,7.5,1,,136.77419354838545,255.0,0.0,255.0,216240.0,127.20249078818894,0.7352393646001655,0.9111878136149678
ID8469,8469,13,1.0983794927597046,288.878988521728,427.2544115931057,0.0,1800.4955458000002,1,7.5,1,,165.9677419354814,255.0,0.0,255.0,262395.0,121.59701902064667,0.5258631093981696,0.9407795847127937
ID8789,8789,13,1.3356950283050537,284.4879723171426,429.61140214468924,0.0,18004.955458,10,7.5,1,,138.22580645161122,255.0,0.0,255.0,218535.0,127.08824898395574,0.8942253487971581,1.026902153657151
ID8918,8918,13,1.3431813716888428,285.90636056589426,429.6449654062161,0.0,21605.9465496,12,7.5,1,,133.387096774192,255.0,0.0,255.0,210885.0,127.4043128077235,0.9621525362641683,1.026764510055933
ID8249,8249,13,1.1717116832733154,287.124933097713,426.98422884185845,0.0,5401.4866374,3,7.5,1,,133.70967741935328,255.0,0.0,255.0,211395.0,127.38898801327895,0.7699242980552226,0.9131755681106813
ID8411,8411,13,1.1746630668640137,286.9720524472829,429.0270576223249,0.0,9002.477729,5,7.5,1,,128.87096774193407,255.0,0.0,255.0,203745.0,127.53296837948675,0.7378544188360114,0.8580644459940893
ID8636,8636,13,1.1418108940124512,288.06089302280634,425.78167952296866,0.0,0.0,0,7.5,1,,207.58064516128667,255.0,0.0,255.0,328185.0,99.24500104664382,0.5246320177982838,1.4394545877426572
ID8835,8835,14,1.3902897834777832,314.5635795933729,440.5430034320671,0.0,19805.4510038,11,7.5,1,,176.12903225806176,255.0,0.0,255.0,278460.0,117.89936085283273,0.9624147720232832,1.4652811738992626
ID8357,8357,14,1.5199564695358276,314.0096165329798,442.38134557872326,0.0,7201.982183200001,4,7.5,1,,226.93548387096354,255.0,0.0,255.0,358785.0,79.83022895675123,0.8690885630980665,2.6436209415259997
ID8581,8581,14,1.4861104488372803,314.6141888380481,442.3284140791968,0.0,10802.9732748,6,7.5,1,,211.12903225806076,255.0,0.0,255.0,333795.0,96.27199626157855,0.8717587457657583,2.0427932655196903
ID8741,8741,14,1.4455827474594116,313.6890619972098,441.7789534382548,0.0,16204.459912200002,9,7.5,1,,193.87096774193222,255.0,0.0,255.0,306510.0,108.89740752403539,0.9045169449827596,1.6910525327206076
ID8877,8877,14,1.469253420829773,315.09190995282233,441.3936673000802,0.0,23406.4420954,13,7.5,1,,188.70967741935172,255.0,0.0,255.0,298350.0,111.8818254885175,0.9939587429141328,1.6815772152353436
ID8526,8526,14,1.458742380142212,312.9290418715472,444.05126470058184,0.0,3600.9910916000003,2,7.5,1,,253.70967741934987,255.0,0.0,255.0,401115.0,18.09901986883127,0.756205288056434,12.071921466527163
ID8303,8303,14,1.4731793403625488,314.6533513920932,442.2937559514448,0.0,12603.468820600001,7,7.5,1,,199.51612903225464,255.0,0.0,255.0,315435.0,105.24701155957376,0.9003424358498958,1.7962802149582988
ID8689,8689,14,1.4626644849777222,313.98248625542413,442.29208191147416,0.0,14403.964366400001,8,7.5,1,,198.38709677419016,255.0,0.0,255.0,313650.0,106.0112159601547,0.8915185265064454,1.7640519674248087
ID8470,8470,14,1.4174803495407104,311.5553097605962,444.1025822779233,0.0,1800.4955458000002,1,7.5,1,,254.999999999995,255.0,255.0,255.0,403155.0,5.003803590643346E-12,0.7019652738027045,4.203730397199788E13
ID8790,8790,14,1.4071711301803589,314.9072938441583,441.1915558706339,0.0,18004.955458,10,7.5,1,,186.45161290322275,255.0,0.0,255.0,294780.0,113.08866676025417,0.8997982936393576,1.5617615561792748
ID8919,8919,14,1.379576325416565,314.9754359408367,439.78114389617275,0.0,21605.9465496,12,7.5,1,,168.87096774193293,255.0,0.0,255.0,266985.0,120.6395396626303,0.9706430474106931,1.3789448562211242
ID8250,8250,14,1.519921064376831,312.8350354779212,442.86459929250157,0.0,5401.4866374,3,7.5,1,,237.58064516128582,255.0,0.0,255.0,375615.0,64.35154128425505,0.8487319758214272,3.3898361861186777
ID8412,8412,14,1.4968907833099365,314.9676424198124,442.0784786652212,0.0,9002.477729,5,7.5,1,,211.93548387096396,255.0,0.0,255.0,335070.0,95.56503325939698,0.8798111412788504,2.0759165635613206
ID8637,8637,14,1.3981821537017822,308.8305750218878,442.9106128958196,0.0,0.0,0,7.5,1,,254.999999999995,255.0,255.0,255.0,403155.0,5.003803590643346E-12,0.677322301617144,4.115747999650348E13
ID8838,8838,15,1.5150150060653687,325.13459534473947,495.7308746489483,0.0,19805.4510038,11,7.5,1,,191.93548387096453,255.0,0.0,255.0,303450.0,110.05443825370341,0.9729649454306457,1.7201072672009659
ID8360,8360,15,1.5760623216629028,325.3607664021512,498.7726952904343,0.0,7201.982183200001,4,7.5,1,,218.54838709677023,255.0,0.0,255.0,345525.0,89.28316335385993,0.9895899863701906,2.4350043297331685
ID8584,8584,15,1.5769846439361572,325.9738844582599,499.8718167596169,0.0,10802.9732748,6,7.5,1,,218.70967741935087,255.0,0.0,255.0,345780.0,89.11828202506175,0.995826023594451,2.4490180169186293
ID8744,8744,15,1.5747162103652954,326.1051583020431,499.150593691555,0.0,16204.459912200002,9,7.5,1,,216.77419354838318,255.0,0.0,255.0,342720.0,91.0582939837211,0.9921185851339863,2.371190594330681
ID8880,8880,15,1.4055581092834473,322.60090271261254,489.84729853015443,0.0,23406.4420954,13,7.5,1,,154.19354838709464,255.0,0.0,255.0,243780.0,124.71384150184628,0.9772716891297957,1.2221668824159706
ID8529,8529,15,1.5824360847473145,323.9901935538199,498.3899745299312,0.0,3600.9910916000003,2,7.5,1,,236.93548387096325,255.0,0.0,255.0,374595.0,65.44336337412693,0.9714560828092553,3.56804691199195
ID8306,8306,15,1.576026201248169,326.17083134779716,500.11582026970166,0.0,12603.468820600001,7,7.5,1,,217.41935483870574,255.0,0.0,255.0,343740.0,90.42085485241479,0.9937085602976062,2.3969388095008606
ID8692,8692,15,1.5778120756149292,326.0146169604023,499.67008190009676,0.0,14403.964366400001,8,7.5,1,,218.70967741935087,255.0,0.0,255.0,345780.0,89.11828202506175,0.9963468176265803,2.4496595787462723
ID8472,8472,15,1.58168363571167,321.8411917945111,499.16903894227875,0.0,1800.4955458000002,1,7.5,1,,239.83870967741478,255.0,0.0,255.0,379185.0,60.32052504014658,0.9644096954818707,3.9040346223919724
ID8793,8793,15,1.5606136322021484,326.0703594529066,497.270231610154,0.0,18004.955458,10,7.5,1,,211.45161290322204,255.0,0.0,255.0,334305.0,95.99064942722107,0.9839070046772491,2.1849666349582337
ID8922,8922,15,1.4400076866149902,323.2386692940774,491.692009644251,0.0,21605.9465496,12,7.5,1,,165.1612903225782,255.0,0.0,255.0,261120.0,121.84936714141676,0.9579761212176812,1.3263626317047748
ID8253,8253,15,1.5793496370315552,324.62477674502355,498.72006537115936,0.0,5401.4866374,3,7.5,1,,225.80645161289905,255.0,0.0,255.0,357000.0,81.21738595359234,0.9859204474109561,2.7605610808506404
ID8639,8639,15,1.5800753831863403,320.30100352730454,497.95069082301535,0.0,0.0,0,7.5,1,,244.677419354834,255.0,0.0,255.0,386835.0,50.272268092446645,0.9494357766133794,4.740804738718148
ID8415,8415,15,1.57290780544281,325.50791569400917,499.32635764535974,0.0,9002.477729,5,7.5,1,,215.48387096773806,255.0,0.0,255.0,340680.0,92.3064339362024,0.9957636712705368,2.329485201575598
ID8257,8257,16,1.178889513015747,444.8690638097665,577.9490643508656,0.0,5401.4866374,3,7.5,1,,99.51612903225748,0.0,0.0,255.0,157335.0,124.4304870216655,1.0,0.7997728805395579
ID8642,8642,16,1.180178165435791,444.28357768298525,578.5433967802028,0.0,0.0,0,7.5,1,,99.83870967741876,0.0,0.0,255.0,157845.0,124.50264058754337,1.0,0.8019003388704652
ID8419,8419,16,1.1303207874298096,445.3909083158651,577.2376960689359,0.0,9002.477729,5,7.5,1,,92.58064516128994,0.0,0.0,255.0,146370.0,122.6637912172367,1.0,0.7547512125834287
ID8840,8840,16,1.109942078590393,445.35370606355013,576.8576390264931,0.0,19805.4510038,11,7.5,1,,90.32258064516097,0.0,0.0,255.0,142800.0,121.99796502730806,1.0,0.7403613709863368
ID8747,8747,16,1.1187198162078857,445.19809894661455,577.0784832873353,0.0,16204.459912200002,9,7.5,1,,91.45161290322545,0.0,0.0,255.0,144585.0,122.33654439257346,1.0,0.7475412466266874
ID8364,8364,16,1.153164029121399,445.1488242422608,577.5252145255108,0.0,7201.982183200001,4,7.5,1,,96.12903225806403,0.0,0.0,255.0,151980.0,123.61948987456647,1.0,0.7776203603137636
ID8588,8588,16,1.1517642736434937,445.52412461138476,577.3592493255537,0.0,10802.9732748,6,7.5,1,,95.96774193548339,0.0,0.0,255.0,151725.0,123.57842115008731,1.0,0.7765736205589611
ID8882,8882,16,1.1157381534576416,445.5616140991366,576.5041964454274,0.0,23406.4420954,13,7.5,1,,91.12903225806417,0.0,0.0,255.0,144075.0,122.2409678717189,1.0,0.7454868350984921
ID8533,8533,16,1.1935791969299316,444.8652455750716,578.1920036124895,0.0,3600.9910916000003,2,7.5,1,,101.61290322580581,0.0,0.0,255.0,160650.0,124.88383740924891,1.0,0.8136593600404558
ID8309,8309,16,1.1142419576644897,445.66036869935584,577.5458108348985,0.0,12603.468820600001,7,7.5,1,,90.96774193548353,0.0,0.0,255.0,143820.0,122.19283202899014,1.0,0.7444605417926766
ID8695,8695,16,1.1204025745391846,445.38243320201104,577.5109206415906,0.0,14403.964366400001,8,7.5,1,,91.6129032258061,0.0,0.0,255.0,144840.0,122.38398561359017,1.0,0.7485693717727142
ID8795,8795,16,1.114427089691162,445.44547663843645,576.9345897952602,0.0,18004.955458,10,7.5,1,,90.96774193548353,0.0,0.0,255.0,143820.0,122.19283202899014,1.0,0.7444605417926766
ID8923,8923,16,1.0967921018600464,445.7198091408477,576.6318160201932,0.0,21605.9465496,12,7.5,1,,88.54838709677392,0.0,0.0,255.0,139995.0,121.44278631141682,1.0,0.7291366559204966
ID8476,8476,16,1.1629292964935303,444.69272069882965,578.3936487122676,0.0,1800.4955458000002,1,7.5,1,,97.41935483870915,0.0,0.0,255.0,154020.0,123.93998896909449,1.0,0.7860203607328182
ID8259,8259,17,1.5050815343856812,318.6711684245302,601.0874775299145,0.0,5401.4866374,3,7.5,1,,181.29032258064225,255.0,0.0,255.0,286620.0,115.63437506826517,0.9968511903635671,1.565316957300316
ID8645,8645,17,1.5388939380645752,321.29619968129606,607.4787447867677,0.0,0.0,0,7.5,1,,209.83870967741564,255.0,0.0,255.0,331755.0,97.37856400902605,0.9454032762459834,2.094400326190851
ID8421,8421,17,1.4422261714935303,319.18809315543905,599.9015351369374,0.0,9002.477729,5,7.5,1,,153.38709677419143,255.0,0.0,255.0,242505.0,124.88383740924627,1.0,1.2282381768229906
ID8842,8842,17,1.149179458618164,319.1378933615791,598.7952849474308,0.0,19805.4510038,11,7.5,1,,96.29032258064467,0.0,0.0,255.0,152235.0,123.66033445563987,1.0,0.7786678161960372
ID8749,8749,17,1.3640190362930298,318.8426885234845,599.4204965403718,0.0,16204.459912200002,9,7.5,1,,133.54838709677264,255.0,0.0,255.0,211140.0,127.39675280618992,1.0,1.0482872141956496
ID8366,8366,17,1.4735416173934937,318.9633118226611,600.2587095611837,0.0,7201.982183200001,4,7.5,1,,166.61290322580396,255.0,0.0,255.0,263415.0,121.39090298318048,0.9979431573337195,1.3711190416401169
ID8590,8590,17,1.440340518951416,319.1937746889702,599.9138765323917,0.0,10802.9732748,6,7.5,1,,154.032258064514,255.0,0.0,255.0,243525.0,124.74827655347366,0.9977753507645208,1.2333696116024824
ID8884,8884,17,1.0907717943191528,319.48440683802284,598.2383163774019,0.0,23406.4420954,13,7.5,1,,88.064516129032,0.0,0.0,255.0,139230.0,121.28642587222059,1.0,0.7260871568745128
ID8535,8535,17,1.5199384689331055,319.3286907275657,602.4225527005141,0.0,3600.9910916000003,2,7.5,1,,197.90322580644823,255.0,0.0,255.0,312885.0,106.33337888109692,0.9732069020162697,1.8358864180719685
ID8311,8311,17,1.4037448167800903,319.3376226789268,599.979644542017,0.0,12603.468820600001,7,7.5,1,,144.19354838709492,255.0,0.0,255.0,227970.0,126.44242892228763,0.9984151972658395,1.1394845847184905
ID8697,8697,17,1.386669635772705,318.9843079182842,599.7339943274544,0.0,14403.964366400001,8,7.5,1,,138.70967741935314,255.0,0.0,255.0,219300.0,127.04645751973352,1.0,1.0918027950351
ID8797,8797,17,1.2912425994873047,319.5984067204189,599.2896390240091,0.0,18004.955458,10,7.5,1,,118.70967741935371,0.0,0.0,255.0,187680.0,127.2368660798929,1.0,0.9329817770331995
ID8925,8925,17,1.1025174856185913,319.6507612581155,598.3371649417683,0.0,21605.9465496,12,7.5,1,,90.32258064516097,0.0,0.0,255.0,142800.0,121.99796502730806,1.0,0.7403613709863368
ID8478,8478,17,1.5246609449386597,319.9714682563566,604.2099361438381,0.0,1800.4955458000002,1,7.5,1,,203.7096774193513,255.0,0.0,255.0,322065.0,102.24943979276,0.9571537123338637,1.9486662867550912
ID8800,8800,18,1.5673763751983643,325.05929579942824,655.2971166978543,0.0,18004.955458,10,7.5,1,,227.41935483870546,255.0,0.0,255.0,359550.0,79.22337019242642,0.9562288886721722,2.806378840943809
ID8928,8928,18,1.5497887134552002,325.47298270342793,655.9334341974893,0.0,21605.9465496,12,7.5,1,,205.16129032257706,255.0,0.0,255.0,324360.0,101.15060794653748,0.9916743244275108,2.0197967283812552
ID8481,8481,18,1.407057523727417,325.5433108123187,653.67675748677,0.0,1800.4955458000002,1,7.5,1,,254.999999999995,255.0,255.0,255.0,403155.0,5.003803590643346E-12,0.6849263316962546,4.143171084600823E13
ID8262,8262,18,1.4643598794937134,324.7263239857146,655.2639120644907,0.0,5401.4866374,3,7.5,1,,254.51612903225308,255.0,0.0,255.0,402390.0,11.100941877865104,0.7417606486053011,19.528136027406624
ID8648,8648,18,1.3415520191192627,325.26072833924894,653.232053876277,0.0,0.0,0,7.5,1,,254.999999999995,255.0,255.0,255.0,403155.0,5.003803590643346E-12,0.6268466168156058,3.927214290615832E13
ID8424,8424,18,1.558226227760315,326.0386365872885,654.2918632830175,0.0,9002.477729,5,7.5,1,,249.51612903225322,255.0,0.0,255.0,394485.0,37.00243610445386,0.8859139615066474,6.335311490489925
ID8845,8845,18,1.5611070394515991,325.04568969142815,655.7406855329941,0.0,19805.4510038,11,7.5,1,,218.0645161290283,255.0,0.0,255.0,344760.0,89.77425069695116,0.9756539198165464,2.3990987919813525
ID8752,8752,18,1.5677893161773682,325.0679090767127,655.1471596424566,0.0,16204.459912200002,9,7.5,1,,232.90322580644724,255.0,0.0,255.0,368220.0,71.76118178448829,0.9409175375857924,3.1467366352180646
ID8369,8369,18,1.5235286951065063,325.1034345041681,654.6998298058701,0.0,7201.982183200001,4,7.5,1,,253.8709677419305,255.0,0.0,255.0,401370.0,16.935463454458674,0.8174470296172245,13.484778161285352
ID8593,8593,18,1.5595405101776123,325.0917071956899,654.4544704340997,0.0,10802.9732748,6,7.5,1,,246.93548387096297,255.0,0.0,255.0,390405.0,44.63939495412376,0.8934666104120319,5.220545358032169
ID8887,8887,18,1.54167902469635,325.1900606070461,656.1902291791814,0.0,23406.4420954,13,7.5,1,,196.1290322580612,255.0,0.0,255.0,310080.0,107.48773753263862,0.9936071325447534,1.8188131314223772
ID8538,8538,18,1.4091429710388184,325.45946661561203,654.7760916807507,0.0,3600.9910916000003,2,7.5,1,,254.999999999995,255.0,255.0,255.0,403155.0,5.003803590643346E-12,0.6906747536012079,4.163738398313679E13
ID8314,8314,18,1.565126895904541,325.2293191240212,655.104869302024,0.0,12603.468820600001,7,7.5,1,,242.41935483870503,255.0,0.0,255.0,383265.0,55.24239433154706,0.9211592677711473,4.208197837157742
ID8700,8700,18,1.5641876459121704,325.0898190586599,655.4279740579052,0.0,14403.964366400001,8,7.5,1,,239.19354838709222,255.0,0.0,255.0,378165.0,61.507675625746224,0.9214613166822824,3.7298863958608983
ID8803,8803,19,1.3150562047958374,341.17783194527425,24.797930074234205,0.0,19805.4510038,11,7.5,1,,151.77419354838503,255.0,0.0,255.0,239955.0,125.20754513575599,0.9197269386652616,1.1614937489162611
ID8487,8487,19,1.4005333185195923,341.4790608747906,29.649412614313135,0.0,3600.9910916000003,2,7.5,1,,179.67741935483585,255.0,0.0,255.0,284070.0,116.37152823920552,0.9077276092238586,1.4693184749084458
ID8265,8265,19,1.3353173732757568,339.2213574229051,28.287207965906916,0.0,12603.468820600001,7,7.5,1,,154.8387096774172,255.0,0.0,255.0,244800.0,124.57391652279533,0.9274062529963784,1.1961321861878569
ID8652,8652,19,1.3261172771453857,339.57205366552495,27.667843051904278,0.0,14403.964366400001,8,7.5,1,,155.6451612903204,255.0,0.0,255.0,246075.0,124.39408065072382,0.9373724405968173,1.2107792458283253
ID8429,8429,19,1.3666040897369385,339.45177053498054,30.66053479854846,0.0,1800.4955458000002,1,7.5,1,,173.38709677419087,255.0,0.0,255.0,274125.0,118.99403531688402,0.8727835277859028,1.3581274846087232
ID8848,8848,19,1.285459041595459,341.0368412864644,24.115929197762743,0.0,23406.4420954,13,7.5,1,,154.032258064514,255.0,0.0,255.0,243525.0,124.74827655347366,0.9311841373850726,1.1907456594253814
ID8210,8210,19,1.3854339122772217,339.36861745771597,28.774474817123327,0.0,5401.4866374,3,7.5,1,,169.5161290322555,255.0,0.0,255.0,268005.0,120.41622130598977,0.9184695659576477,1.3479254821106255
ID8755,8755,19,1.3063346147537231,340.9061592643508,25.391381158189745,0.0,18004.955458,10,7.5,1,,150.32258064515926,255.0,0.0,255.0,237660.0,125.4804323942279,0.9168845231007742,1.1460324186135282
ID8598,8598,19,1.381768822669983,338.94145365193896,30.737547310517904,0.0,0.0,0,7.5,1,,179.5161290322552,255.0,0.0,255.0,283815.0,116.44375737709116,0.8535911045192085,1.419885106416823
ID8374,8374,19,1.3619376420974731,339.55256181646183,27.947598967944163,0.0,9002.477729,5,7.5,1,,162.09677419354603,255.0,0.0,255.0,256275.0,122.75522158465195,0.9378012615616664,1.27810334558474
ID8889,8889,19,1.2692830562591553,341.55944487577756,24.432161335211873,0.0,21605.9465496,12,7.5,1,,148.70967741935286,255.0,0.0,255.0,235110.0,125.76328412592017,0.8999255437581146,1.12017365606519
ID8319,8319,19,1.3733335733413696,339.46571678725667,27.934952272671417,0.0,7201.982183200001,4,7.5,1,,168.54838709677165,255.0,0.0,255.0,266475.0,120.74975050000887,0.9211455232593716,1.3385553592657915
ID8543,8543,19,1.3794660568237305,339.65039293336486,28.42877749786025,0.0,10802.9732748,6,7.5,1,,167.41935483870716,255.0,0.0,255.0,264690.0,121.12792946318777,0.9275886405226299,1.3302474324843065
ID8703,8703,19,1.3086150884628296,340.3482428722255,26.531324971225544,0.0,16204.459912200002,9,7.5,1,,152.74193548386887,255.0,0.0,255.0,241485.0,125.01591977023413,0.91471020969187,1.167356318242466
ID8704,8704,20,1.280879020690918,384.2318160841762,46.73059314249834,0.0,16204.459912200002,9,7.5,1,,116.45161290322474,0.0,0.0,255.0,184110.0,127.06059440628115,1.0,0.916504550032768
ID8321,8321,20,1.351914644241333,384.1250858870806,46.98081071380873,0.0,7201.982183200001,4,7.5,1,,129.99999999999855,255.0,0.0,255.0,205530.0,127.51582180312572,1.0,1.0194813330749513
ID8545,8545,20,1.3184852600097656,384.57410273950535,46.90606268493526,0.0,10802.9732748,6,7.5,1,,123.70967741935357,0.0,0.0,255.0,195585.0,127.48397204279254,1.0,0.9703939674693218
ID8804,8804,20,1.2349234819412231,384.25446391168555,46.30306767622472,0.0,19805.4510038,11,7.5,1,,109.19354838709592,0.0,0.0,255.0,172635.0,126.21885948619548,1.0,0.8651127797509403
ID8488,8488,20,1.427858829498291,383.71303427705897,47.530596571737085,0.0,3600.9910916000003,2,7.5,1,,147.741935483869,255.0,0.0,255.0,233580.0,125.92276794582298,1.0,1.173274205244865
ID8267,8267,20,1.283397912979126,384.76050270906507,47.00041264979457,0.0,12603.468820600001,7,7.5,1,,116.77419354838602,0.0,0.0,255.0,184620.0,127.08824898395568,1.0,0.918843358705243
ID8654,8654,20,1.2860530614852905,384.4094786889016,47.05214201921691,0.0,14403.964366400001,8,7.5,1,,117.90322580645051,0.0,0.0,255.0,186405.0,127.17854536430379,1.0,0.9270685198412667
ID8431,8431,20,1.451375126838684,383.4801402906022,47.52628488964344,0.0,1800.4955458000002,1,7.5,1,,154.35483870967528,255.0,0.0,255.0,244035.0,124.67918815571225,1.0,1.23801607143047
ID8849,8849,20,1.243798851966858,384.2856395680562,46.18472862334482,0.0,23406.4420954,13,7.5,1,,110.80645161290232,0.0,0.0,255.0,175185.0,126.4424289222907,1.0,0.8763391573330344
ID8211,8211,20,1.3800129890441895,383.7358798776353,47.3236724808868,0.0,5401.4866374,3,7.5,1,,135.64516129032097,255.0,0.0,255.0,214455.0,127.27982213895645,1.0,1.0657240009514763
ID8756,8756,20,1.2643978595733643,384.42393101695535,46.40808017111346,0.0,18004.955458,10,7.5,1,,112.90322580645065,0.0,0.0,255.0,178500.0,126.70176832697632,1.0,0.89109431776109
ID8600,8600,20,1.4746202230453491,383.2498987708613,47.35373133248861,0.0,0.0,0,7.5,1,,160.96774193548154,255.0,0.0,255.0,254490.0,123.06803036532007,1.0,1.3079574074408964
ID8376,8376,20,1.3142187595367432,384.4124632175699,46.82632325480094,0.0,9002.477729,5,7.5,1,,123.064516129031,0.0,0.0,255.0,194565.0,127.46314289652476,1.0,0.9654909908265437
ID8890,8890,20,1.2483868598937988,384.4956255202659,46.13933016321709,0.0,21605.9465496,12,7.5,1,,111.29032258064424,0.0,0.0,255.0,175950.0,126.50541025588362,1.0,0.8797277709746668
ID8432,8432,21,1.4009881019592285,317.924878918153,60.51943952386307,0.0,1800.4955458000002,1,7.5,1,,156.12903225806232,255.0,0.0,255.0,246840.0,124.28354086528547,0.9948862695158222,1.2530123213307438
ID8322,8322,21,1.3455862998962402,320.1365021190681,59.62197915361479,0.0,7201.982183200001,4,7.5,1,,134.35483870967585,255.0,0.0,255.0,212415.0,127.35588016393824,1.0,1.054955912021716
ID8546,8546,21,1.3451765775680542,320.27595750328004,59.128366833690045,0.0,10802.9732748,6,7.5,1,,133.22580645161136,255.0,0.0,255.0,210630.0,127.41166805434416,1.0,1.0456326997837226
ID8706,8706,21,1.293166995048523,319.41444193755086,60.00273634817198,0.0,16204.459912200002,9,7.5,1,,124.35483870967613,0.0,0.0,255.0,196605.0,127.50153122804234,0.9963285751109439,0.9735266546415143
ID8213,8213,21,1.369814157485962,317.6779552088926,59.595652438121256,0.0,5401.4866374,3,7.5,1,,143.709677419353,255.0,0.0,255.0,227205.0,126.50541025588561,1.0,1.1359962955629161
ID8758,8758,21,1.2695260047912598,319.77704583076735,59.31728284519658,0.0,18004.955458,10,7.5,1,,116.2903225806441,0.0,0.0,255.0,183855.0,127.04645751973581,1.0,0.9153369944422038
ID8806,8806,21,1.1982393264770508,319.7944620941771,60.46441939685904,0.0,19805.4510038,11,7.5,1,,105.64516129032182,0.0,0.0,255.0,167025.0,125.65270586347282,0.9935266512123367,0.8380409418113361
ID8601,8601,21,1.3914406299591064,318.536902126113,61.478946983528445,0.0,0.0,0,7.5,1,,157.09677419354617,255.0,0.0,255.0,248370.0,124.05650048414296,0.9670682123526577,1.2451320869738782
ID8377,8377,21,1.35087251663208,320.3024844427064,59.26043288139911,0.0,9002.477729,5,7.5,1,,134.67741935483713,255.0,0.0,255.0,212925.0,127.33809646989478,1.0,1.0576365054010173
ID8490,8490,21,1.394568681716919,318.2686044866426,60.26116619217036,0.0,3600.9910916000003,2,7.5,1,,154.19354838709464,255.0,0.0,255.0,243780.0,124.71384150184628,0.997037997378974,1.2345449950176204
ID8268,8268,21,1.3094137907028198,320.1871834083985,60.00471274638926,0.0,12603.468820600001,7,7.5,1,,126.6129032258051,0.0,0.0,255.0,200175.0,127.53725466338288,1.0,0.9927523025329541
ID8655,8655,21,1.3012487888336182,319.96250196846825,60.593862105934,0.0,14403.964366400001,8,7.5,1,,127.25806451612766,0.0,0.0,255.0,201195.0,127.54011210595185,0.9928372165722615,0.9942022420965969
ID8325,8325,22,1.4892230033874512,374.541816252211,84.41682943809975,0.0,7201.982183200001,4,7.5,1,,175.32258064515855,255.0,0.0,255.0,277185.0,118.22898155020711,0.992851169202355,1.4775874289685649
ID8549,8549,22,1.4848792552947998,374.99717149774654,83.6037640846139,0.0,10802.9732748,6,7.5,1,,172.58064516128766,255.0,0.0,255.0,272850.0,119.30208696526496,0.994713311687226,1.442751341879398
ID8709,8709,22,1.4146169424057007,373.58179424738364,81.3279690646232,0.0,16204.459912200002,9,7.5,1,,156.12903225806232,255.0,0.0,255.0,246840.0,124.28354086528547,0.9956152008220457,1.2534723572091415
ID8808,8808,22,1.386598825454712,373.9540887647272,79.40731894130347,0.0,19805.4510038,11,7.5,1,,146.9354838709658,255.0,0.0,255.0,232305.0,126.04983799204213,0.9968919128791972,1.16387919775556
ID8492,8492,22,1.5521084070205688,371.7193631093479,81.91599067036506,0.0,3600.9910916000003,2,7.5,1,,210.96774193548012,255.0,0.0,255.0,333540.0,96.4119568023313,0.9653782693177477,2.1496438937277556
ID8271,8271,22,1.4724955558776855,374.64332987491355,82.92993126848918,0.0,12603.468820600001,7,7.5,1,,168.06451612902973,255.0,0.0,255.0,265710.0,120.91326376383661,0.9972821298749966,1.3880678707446936
ID8434,8434,22,1.5579476356506348,366.5434632099594,83.21583322063431,0.0,1800.4955458000002,1,7.5,1,,217.09677419354446,255.0,0.0,255.0,343230.0,90.74070790921938,0.9648130122598703,2.3496497517978976
ID8658,8658,22,1.4522736072540283,373.78432508630954,82.17461367745017,0.0,14403.964366400001,8,7.5,1,,164.19354838709435,255.0,0.0,255.0,259590.0,122.14446409988876,0.9958301152191122,1.341448425576983
ID8853,8853,22,1.3254220485687256,374.50019343844576,78.26670634416193,0.0,23406.4420954,13,7.5,1,,127.90322580645022,255.0,0.0,255.0,202215.0,127.53970390378703,1.0,1.0028502645963286
ID8216,8216,22,1.5085617303848267,372.41014774945216,82.16161914093982,0.0,5401.4866374,3,7.5,1,,183.38709677419058,255.0,0.0,255.0,289935.0,114.63504858919212,0.984531982401094,1.5872782959158294
ID8761,8761,22,1.387710452079773,373.79326122600185,80.18013816956697,0.0,18004.955458,10,7.5,1,,151.2903225806431,255.0,0.0,255.0,239190.0,125.30044334514713,0.9947231488883067,1.2042263725257636
ID8604,8604,22,1.5712863206863403,363.6022876128852,83.08770325455279,0.0,0.0,0,7.5,1,,227.25806451612482,255.0,0.0,255.0,359295.0,79.42649937894225,0.9683073247340301,2.81516714748093
ID8380,8380,22,1.4761450290679932,374.9161688434209,84.14318854015248,0.0,9002.477729,5,7.5,1,,168.54838709677165,255.0,0.0,255.0,266475.0,120.74975050000887,0.995937635032095,1.3930077459613883
ID8893,8893,22,1.3606923818588257,374.75591998856595,78.50918392557514,0.0,21605.9465496,12,7.5,1,,136.77419354838545,255.0,0.0,255.0,216240.0,127.20249078818894,0.9974949977857428,1.07389932412701
ID8657,8657,23,1.1999845504760742,323.20255565295304,80.35203814018374,0.0,14403.964366400001,8,7.5,1,,161.45161290322346,255.0,0.0,255.0,255255.0,122.93533740354151,0.6239023692927796,1.0091421949278778
ID8435,8435,23,1.3299295902252197,320.8644273615409,83.98570107597597,0.0,1800.4955458000002,1,7.5,1,,230.8064516128989,255.0,0.0,255.0,364905.0,74.74999163538102,0.678925321118868,2.497223532418829
ID8324,8324,23,1.1397048234939575,320.15684552954013,80.81574078261148,0.0,7201.982183200001,4,7.5,1,,157.09677419354617,255.0,0.0,255.0,248370.0,124.05650048414296,0.5472531167388828,0.8957867092364084
ID8548,8548,23,1.155031442642212,322.81017548080536,80.10417155367291,0.0,10802.9732748,6,7.5,1,,157.74193548386873,255.0,0.0,255.0,249390.0,123.90070725903799,0.5711768643785231,0.9256544812220435
ID8708,8708,23,1.165759801864624,322.56651750503386,79.99136853836619,0.0,16204.459912200002,9,7.5,1,,145.96774193548197,255.0,0.0,255.0,230775.0,126.19534624721888,0.612251884049515,0.8784980117442793
ID8215,8215,23,1.149523377418518,316.8997349935718,81.56078401295387,0.0,5401.4866374,3,7.5,1,,177.9032258064488,255.0,0.0,255.0,281265.0,117.15137938632745,0.5677105259216267,1.0998348689509938
ID8760,8760,23,1.0709325075149536,322.3253762592701,79.82229005102766,0.0,18004.955458,10,7.5,1,,119.35483870967627,0.0,0.0,255.0,188700.0,127.27982213895392,0.5805476364817027,0.6888754976541186
ID8603,8603,23,1.285504698753357,322.2175997958643,83.305508869269,0.0,0.0,0,7.5,1,,228.3870967741893,255.0,0.0,255.0,361080.0,77.9864768250183,0.6292470714889059,2.26212454853999
ID8379,8379,23,1.1287847757339478,321.74427714899934,80.41526878523342,0.0,9002.477729,5,7.5,1,,149.6774193548367,255.0,0.0,255.0,236640.0,125.59613667129237,0.5404378521006473,0.8362027264083507
ID8493,8493,23,1.2365576028823853,319.7314711258848,83.44996298818934,0.0,3600.9910916000003,2,7.5,1,,212.9032258064478,255.0,0.0,255.0,336600.0,94.70064157599288,0.6141941162196676,1.7108392602833737
ID8270,8270,23,1.170067548751831,323.2618629900456,80.19292455273069,0.0,12603.468820600001,7,7.5,1,,155.48387096773976,255.0,0.0,255.0,245820.0,124.43048702166554,0.5947740977178547,0.9320547255747219
ID8384,8384,24,1.427552342414856,342.11194502904306,117.265991291944,0.0,9002.477729,5,7.5,1,,174.83870967741663,255.0,0.0,255.0,276420.0,118.42367587159859,0.9477700904179086,1.4367935095573967
ID8712,8712,24,1.4137320518493652,342.5028862102168,115.56674735530136,0.0,16204.459912200002,9,7.5,1,,172.58064516128766,255.0,0.0,255.0,272850.0,119.30208696526496,0.94836159945128,1.4082457264876933
ID8329,8329,24,1.454097867012024,341.75090128538426,118.25842152266922,0.0,7201.982183200001,4,7.5,1,,183.54838709677122,255.0,0.0,255.0,290190.0,114.55622561909703,0.936657264115035,1.5498505027427694
ID8553,8553,24,1.429752230644226,342.80158392686735,116.55528044657765,0.0,10802.9732748,6,7.5,1,,176.61290322580368,255.0,0.0,255.0,279225.0,117.69849137255552,0.9385000470365198,1.4529478009284507
ID8811,8811,24,1.4308162927627563,342.4244884000162,115.51577571046862,0.0,19805.4510038,11,7.5,1,,178.54838709677136,255.0,0.0,255.0,282285.0,116.87151754342787,0.9451857910450575,1.484681645361246
ID8496,8496,24,1.4968363046646118,341.51653158075976,119.37623456668528,0.0,3600.9910916000003,2,7.5,1,,205.48387096773834,255.0,0.0,255.0,324870.0,100.90196030860606,0.8975700120592679,1.92654277599835
ID8275,8275,24,1.4048901796340942,342.845943644364,116.587576540189,0.0,12603.468820600001,7,7.5,1,,170.80645161290062,255.0,0.0,255.0,270045.0,119.95792187947208,0.9421408847190764,1.3814668009752986
ID8438,8438,24,1.5008937120437622,340.34899521146167,119.00394396852758,0.0,1800.4955458000002,1,7.5,1,,210.16129032257692,255.0,0.0,255.0,332265.0,97.10471273213234,0.8817435054385159,2.028262951178734
ID8662,8662,24,1.421100378036499,342.939924042039,116.3456868250169,0.0,14403.964366400001,8,7.5,1,,171.61290322580382,255.0,0.0,255.0,271320.0,119.66352377399114,0.9588845754310121,1.4040275598594836
ID8855,8855,24,1.1757289171218872,341.40964334151715,115.14940127402964,0.0,23406.4420954,13,7.5,1,,106.29032258064439,0.0,0.0,255.0,168045.0,125.76328412591705,1.0,0.8451617920077859
ID8220,8220,24,1.4761191606521606,341.12611745125287,119.00254978725978,0.0,5401.4866374,3,7.5,1,,193.22580645160966,255.0,0.0,255.0,305490.0,109.288256596068,0.9160892425912671,1.690610947582683
ID8764,8764,24,1.4178626537322998,342.94851111357264,115.43108055536429,0.0,18004.955458,10,7.5,1,,176.61290322580368,255.0,0.0,255.0,279225.0,117.69849137255552,0.9372843032250376,1.451976252572552
ID8607,8607,24,1.5068308115005493,338.6841263133923,119.60907912158622,0.0,0.0,0,7.5,1,,217.74193548386702,255.0,0.0,255.0,344250.0,90.09871066975872,0.8698859388210938,2.248540391825895
ID8895,8895,24,1.42702054977417,342.4662121156763,115.34941637431388,0.0,21605.9465496,12,7.5,1,,176.45161290322304,255.0,0.0,255.0,278970.0,117.76570697569802,0.9606120794927006,1.4682268233618851
ID8226,8226,25,1.4870513677597046,335.17325538717,162.30097150873306,0.0,5401.4866374,3,7.5,1,,174.99999999999727,255.0,0.0,255.0,276675.0,118.35903328218446,0.998041637600558,1.4771029340828143
ID8898,8898,25,1.2412657737731934,338.74485536838387,150.63580259854143,0.0,21605.9465496,12,7.5,1,,143.38709677419172,255.0,0.0,255.0,226695.0,126.54635188409348,0.7612249249302581,0.9794643073101779
ID8612,8612,25,1.5211303234100342,343.90158779400195,151.35137531050847,0.0,0.0,0,7.5,1,,202.5806451612868,255.0,0.0,255.0,320280.0,103.08184952309766,0.9360686341888345,1.9003460277843112
ID8388,8388,25,1.390885353088379,336.0981060871974,159.30584795119685,0.0,9002.477729,5,7.5,1,,146.9354838709658,255.0,0.0,255.0,232305.0,126.04983799204213,0.9992220715187391,1.1652399663722397
ID8557,8557,25,1.3741909265518188,338.47572556608435,155.6707974110325,0.0,10802.9732748,6,7.5,1,,148.8709677419335,255.0,0.0,255.0,235365.0,125.7359592217159,1.0,1.183996755291162
ID8717,8717,25,1.3635815382003784,338.32062089943076,151.45164087616433,0.0,16204.459912200002,9,7.5,1,,154.67741935483656,255.0,0.0,255.0,244545.0,124.609225850282,0.8955975224637781,1.1729337058435922
ID8814,8814,25,1.2896113395690918,338.86348532594207,150.84876161222948,0.0,19805.4510038,11,7.5,1,,149.03225806451414,255.0,0.0,255.0,235620.0,125.70842130345581,0.7892643876235836,1.04590898619407
ID8335,8335,25,1.4689137935638428,334.17173155892084,163.49692472180246,0.0,7201.982183200001,4,7.5,1,,167.25806451612652,255.0,0.0,255.0,264435.0,121.18099944454354,0.9918294432893078,1.3745716459257862
ID8501,8501,25,1.4854543209075928,336.80278729558285,158.9571449835881,0.0,3600.9910916000003,2,7.5,1,,179.67741935483585,255.0,0.0,255.0,284070.0,116.37152823920552,0.9619177627272973,1.5140279917200796
ID8280,8280,25,1.3565984964370728,339.4376553695814,154.98613588385683,0.0,12603.468820600001,7,7.5,1,,144.67741935483684,255.0,0.0,255.0,228735.0,126.37756241094158,0.9992099347334128,1.14435064031923
ID8857,8857,25,1.2062209844589233,334.8031328567217,144.63100967999597,0.0,23406.4420954,13,7.5,1,,152.0967741935463,255.0,0.0,255.0,240465.0,125.14453465045236,0.6563105740837989,0.9631761899441342
ID8667,8667,25,1.3875155448913574,338.8380579663752,153.8434877258464,0.0,14403.964366400001,8,7.5,1,,153.54838709677207,255.0,0.0,255.0,242760.0,124.85027374182512,0.9764497341099011,1.2152059113458709
ID8444,8444,25,1.50645112991333,340.2034284248422,155.14318898236994,0.0,1800.4955458000002,1,7.5,1,,184.999999999997,255.0,0.0,255.0,292485.0,113.83407311754803,0.9683668113936729,1.5990546665375636
ID8767,8767,25,1.3179380893707275,338.53347159821107,148.8407011898667,0.0,18004.955458,10,7.5,1,,151.93548387096567,255.0,0.0,255.0,240210.0,125.17614783549581,0.8019923773936426,1.0804008506806115
ID8770,8770,26,1.4062004089355469,383.0647250393286,196.35567167797439,0.0,18004.955458,10,7.5,1,,148.38709677419158,255.0,0.0,255.0,234600.0,125.81729544621734,1.0,1.1793855228562122
ID8228,8228,26,1.4500490427017212,380.44400145565675,197.21832366152375,0.0,5401.4866374,3,7.5,1,,163.06451612902987,255.0,0.0,255.0,257805.0,122.478175321037,0.9916202005639534,1.3257743026355409
ID8900,8900,26,1.3400472402572632,383.4556789275397,195.85734986546174,0.0,21605.9465496,12,7.5,1,,129.51612903225663,255.0,0.0,255.0,204765.0,127.52439537949104,1.0,1.0156184520368712
ID8615,8615,26,1.540220022201538,374.9402632933941,196.5539089442404,0.0,0.0,0,7.5,1,,194.83870967741606,255.0,0.0,255.0,308040.0,108.30127887952825,0.997655174152633,1.7969317827015325
ID8391,8391,26,1.4228020906448364,382.1275404415145,196.16854478200338,0.0,9002.477729,5,7.5,1,,156.61290322580425,255.0,0.0,255.0,247605.0,124.17101594369699,0.9905529791347838,1.2552819069619234
ID8560,8560,26,1.399329423904419,381.85122895302953,196.43433919960057,0.0,10802.9732748,6,7.5,1,,150.64516129032054,255.0,0.0,255.0,238170.0,125.42129494224703,0.9849330277371425,1.1919958536651556
ID8720,8720,26,1.3882979154586792,382.0729810495097,196.79901679766647,0.0,16204.459912200002,9,7.5,1,,147.741935483869,255.0,0.0,255.0,233580.0,125.92276794582298,0.9984532307763051,1.1723661107227215
ID8337,8337,26,1.4233335256576538,381.5075476970995,195.98481802673436,0.0,7201.982183200001,4,7.5,1,,157.74193548386873,255.0,0.0,255.0,249390.0,123.90070725903799,0.9813281259581561,1.2611339503654755
ID8817,8817,26,1.3688461780548096,383.5941142988229,195.6322831848118,0.0,19805.4510038,11,7.5,1,,137.90322580644994,255.0,0.0,255.0,218025.0,127.11507841508767,1.0,1.084869140041232
ID8503,8503,26,1.5072940587997437,378.7789938473935,198.5953398096155,0.0,3600.9910916000003,2,7.5,1,,180.48387096773905,255.0,0.0,255.0,285345.0,116.0063421408735,0.9974689137461515,1.5538389375063202
ID8283,8283,26,1.3432310819625854,381.4425569543734,196.94420284119977,0.0,12603.468820600001,7,7.5,1,,137.09677419354674,255.0,0.0,255.0,216750.0,127.17854536430166,0.9818170507362937,1.0680962443060285
ID8860,8860,26,1.2838643789291382,381.41548229291203,196.94303765917599,0.0,23406.4420954,13,7.5,1,,119.51612903225691,0.0,0.0,255.0,188955.0,127.29004763543327,1.0,0.9389275222408483
ID8446,8446,26,1.5128824710845947,377.3199929895865,199.11402975804717,0.0,1800.4955458000002,1,7.5,1,,180.80645161290033,255.0,0.0,255.0,285855.0,115.85837265952055,0.9981044692044185,1.559101192281244
ID8670,8670,26,1.355275273323059,381.44306778631505,197.03996907666257,0.0,14403.964366400001,8,7.5,1,,141.61290322580467,255.0,0.0,255.0,223890.0,126.75661193343953,0.9887588007559138,1.1108884392496436
ID8528,8528,28,1.0068273544311523,333.8742608420038,461.8895319205625,0.0,3600.9910916000003,2,7.5,1,,78.22580645161293,0.0,0.0,255.0,123675.0,117.63101606804412,1.0,0.6650100378828906
ID8305,8305,28,1.0230125188827515,333.4738420581629,460.5906425199523,0.0,12603.468820600001,7,7.5,1,,80.16129032258061,0.0,0.0,255.0,126735.0,118.42367587160014,1.0,0.6769025681105763
ID8691,8691,28,1.031831979751587,333.0167440552454,460.74910879759403,0.0,14403.964366400001,8,7.5,1,,81.45161290322574,0.0,0.0,255.0,128775.0,118.93167261980194,1.0,0.6848605683332849
ID8837,8837,28,1.040631651878357,334.797295045243,459.23429768329066,0.0,19805.4510038,11,7.5,1,,82.0967741935483,0.0,0.0,255.0,129795.0,119.17961711281619,1.0,0.6888491185186051
ID8359,8359,28,1.029037594795227,333.3656580067719,460.9300101609674,0.0,7201.982183200001,4,7.5,1,,81.12903225806446,0.0,0.0,255.0,128265.0,118.8061917083459,0.9832280741458448,0.6770937814489763
ID8583,8583,28,1.0278123617172241,332.81059983726755,460.0980076222195,0.0,10802.9732748,6,7.5,1,,81.2903225806451,0.0,0.0,255.0,128520.0,118.86905821627913,0.9668000125996156,0.6723206734406789
ID8743,8743,28,1.0291295051574707,332.3978208888868,459.8760858278706,0.0,16204.459912200002,9,7.5,1,,81.12903225806446,0.0,0.0,255.0,128265.0,118.8061917083459,1.0,0.6828687216675198
ID8792,8792,28,1.0213927030563354,332.87184488990204,459.9138765801164,0.0,18004.955458,10,7.5,1,,80.32258064516125,0.0,0.0,255.0,126990.0,118.48806350144909,1.0,0.6778959691933771
ID8921,8921,28,1.0347117185592651,333.08792948978504,459.8153067190244,0.0,21605.9465496,12,7.5,1,,81.2903225806451,0.0,0.0,255.0,128520.0,118.86905821627913,1.0,0.6838644454702374
ID8252,8252,28,1.0259654521942139,333.6931157134741,461.22075745150283,0.0,5401.4866374,3,7.5,1,,80.32258064516125,0.0,0.0,255.0,126990.0,118.48806350144909,1.0,0.6778959691933771
ID8414,8414,28,1.0239225625991821,332.52438455237296,460.26428049123336,0.0,9002.477729,5,7.5,1,,80.64516129032253,0.0,0.0,255.0,127500.0,118.61607554159126,0.9859204474109563,0.6750637470156565
ID8879,8879,28,1.0378186702728271,333.0266827841013,459.8172808910655,0.0,23406.4420954,13,7.5,1,,81.61290322580638,0.0,0.0,255.0,129030.0,118.99403531688563,1.0,0.685857093664133
