LABEL,ID,TRACK_ID,QUALITY,POSITION_X,POSITION_Y,POSITION_Z,POSITION_T,FRAME,RADIUS,VISIBILITY,MANUAL_SPOT_COLOR,MEAN_INTENSITY_CH1,MEDIAN_INTENSITY_CH1,MIN_INTENSITY_CH1,MAX_INTENSITY_CH1,TOTAL_INTENSITY_CH1,STD_INTENSITY_CH1,CONTRAST_CH1,SNR_CH1
Label,Spot ID,Track ID,Quality,X,Y,Z,T,Frame,Radius,Visibility,Manual spot color,Mean intensity ch1,Median intensity ch1,Min intensity ch1,Max intensity ch1,Sum intensity ch1,Std intensity ch1,Contrast ch1,Signal/Noise ratio ch1
Label,Spot ID,Track ID,Quality,X,Y,Z,T,Frame,R,Visibility,Spot color,Mean ch1,Median ch1,Min ch1,Max ch1,Sum ch1,Std ch1,Ctrst ch1,SNR ch1
,,,(quality),(micron),(micron),(micron),(sec),,(micron),,,(counts),(counts),(counts),(counts),(counts),(counts),,
ID9408,9408,0,1.496235966682434,192.6742565020608,301.38668901068615,0.0,1800.4955458000002,1,7.5,1,,203.22580645160937,255.0,0.0,255.0,321300.0,102.60853588958086,0.9020725096603881,1.8786234526798082
ID9569,9569,0,1.4272624254226685,193.05746612358388,300.997928385074,0.0,9002.477729,5,7.5,1,,167.25806451612652,255.0,0.0,255.0,264435.0,121.18099944454354,0.9630919094434919,1.3542836454088627
ID9729,9729,0,1.344040036201477,196.08342233701583,302.8494241476495,0.0,18004.955458,10,7.5,1,,149.19354838709478,255.0,0.0,255.0,235875.0,125.68067023111934,0.9908446721319384,1.1816252209611058
ID9767,9767,0,1.4014849662780762,195.38013476505586,302.5067916655927,0.0,16204.459912200002,9,7.5,1,,161.45161290322346,255.0,0.0,255.0,255255.0,122.93533740354151,0.9950544371646066,1.3100495926514395
ID9608,9608,0,1.4495062828063965,192.62781608554366,300.215421246348,0.0,7201.982183200001,4,7.5,1,,180.16129032257777,255.0,0.0,255.0,284835.0,116.1532266888552,0.9366943957262107,1.5003653521954567
ID9450,9450,0,1.4306905269622803,193.90408322984464,301.9066975149207,0.0,10802.9732748,6,7.5,1,,172.41935483870702,255.0,0.0,255.0,272595.0,119.36294764592303,0.9527301315359149,1.4095294338880224
ID9803,9803,0,1.3669543266296387,196.06142832037668,302.9774925323105,0.0,19805.4510038,11,7.5,1,,149.03225806451414,255.0,0.0,255.0,235620.0,125.70842130345581,0.989315437874441,1.1791716743955791
ID9838,9838,0,1.3660283088684082,196.38720104348639,303.1116943896756,0.0,21605.9465496,12,7.5,1,,145.48387096774005,255.0,0.0,255.0,230010.0,126.26525434528664,0.9921708061692661,1.1476801186535266
ID9648,9648,0,1.4892526865005493,193.70858027485247,299.94488095710216,0.0,3600.9910916000003,2,7.5,1,,198.87096774193208,255.0,0.0,255.0,314415.0,105.68585428445327,0.9088986338231587,1.7919137583170006
ID9872,9872,0,1.3471455574035645,197.04040917102208,303.44696872077566,0.0,23406.4420954,13,7.5,1,,139.67741935483699,255.0,0.0,255.0,220830.0,126.95729742531246,0.9951000117256729,1.0974900447093365
ID9489,9489,0,1.4250322580337524,194.454143260391,302.3955328458367,0.0,12603.468820600001,7,7.5,1,,165.1612903225782,255.0,0.0,255.0,261120.0,121.84936714141676,0.9699935556282137,1.3348086992240944
ID9527,9527,0,1.5008620023727417,192.49785230885536,302.4870511539623,0.0,0.0,0,7.5,1,,212.74193548386717,255.0,0.0,255.0,336345.0,94.84594007071,0.8826177704186469,2.1031723797994983
ID9367,9367,0,1.460012435913086,193.48051696419674,300.76918677367854,0.0,5401.4866374,3,7.5,1,,180.6451612903197,255.0,0.0,255.0,285600.0,115.93249327578934,0.9422164176231869,1.511834317334041
ID9690,9690,0,1.4323581457138062,194.71528204768643,302.5795278924583,0.0,14403.964366400001,8,7.5,1,,169.5161290322555,255.0,0.0,255.0,268005.0,120.41622130598977,0.984604418920861,1.3968309650185322
ID9410,9410,1,1.5328619480133057,201.32457672369247,334.7531442679206,0.0,1800.4955458000002,1,7.5,1,,212.74193548386717,255.0,0.0,255.0,336345.0,94.84594007071,0.9329852404156008,2.16526268591618
ID9570,9570,1,1.4048815965652466,201.4808478622732,338.33947630882506,0.0,9002.477729,5,7.5,1,,160.64516129032026,255.0,0.0,255.0,253980.0,123.15535608051766,0.990789011079135,1.298375424639893
ID9730,9730,1,1.3881748914718628,201.22087345185557,341.05714358589915,0.0,18004.955458,10,7.5,1,,159.67741935483642,255.0,0.0,255.0,252450.0,123.41190032444214,0.9843682797692317,1.283665281911461
ID9768,9768,1,1.388942837715149,201.0847797591017,341.6088572349155,0.0,16204.459912200002,9,7.5,1,,160.32258064515898,255.0,0.0,255.0,253470.0,123.24177504553657,0.9781310774430075,1.2864968803144279
ID9609,9609,1,1.4576278924942017,201.71694747834934,336.8918497133271,0.0,7201.982183200001,4,7.5,1,,173.38709677419087,255.0,0.0,255.0,274125.0,118.99403531688402,0.9823504859332498,1.4441343580245312
ID9451,9451,1,1.3908487558364868,200.76593027747575,340.0346889532405,0.0,10802.9732748,6,7.5,1,,157.74193548386873,255.0,0.0,255.0,249390.0,123.90070725903799,0.9913386711078117,1.2675943527973985
ID9804,9804,1,1.4113426208496094,201.45053934450192,340.5767138072285,0.0,19805.4510038,11,7.5,1,,160.48387096773962,255.0,0.0,255.0,253725.0,123.19867878707078,0.9907797964808188,1.2966096633327118
ID9839,9839,1,1.4154181480407715,201.25447326493324,340.64252185480996,0.0,21605.9465496,12,7.5,1,,158.54838709677193,255.0,0.0,255.0,250665.0,123.70095511533879,0.9985585805711067,1.2807826517852128
ID9649,9649,1,1.5249054431915283,201.71283309024463,335.1163403558223,0.0,3600.9910916000003,2,7.5,1,,205.64516129031898,255.0,0.0,255.0,325125.0,100.77701897805825,0.942221099662941,1.9798903590239847
ID9873,9873,1,1.402639389038086,201.7177781529775,340.62931076173584,0.0,23406.4420954,13,7.5,1,,150.64516129032054,255.0,0.0,255.0,238170.0,125.42129494224703,0.9962118534722879,1.1988337938951665
ID9490,9490,1,1.3714830875396729,200.83078211425405,341.45862452227135,0.0,12603.468820600001,7,7.5,1,,152.58064516128823,255.0,0.0,255.0,241230.0,125.04839814374921,0.9807026134048903,1.208284954617303
ID9368,9368,1,1.5073299407958984,202.46984900935325,335.3720504788503,0.0,5401.4866374,3,7.5,1,,193.87096774193222,255.0,0.0,255.0,306510.0,108.89740752403539,0.9578502622101317,1.7419808720783325
ID9529,9529,1,1.5312292575836182,201.36257406884638,334.3896391042916,0.0,0.0,0,7.5,1,,219.03225806451215,255.0,0.0,255.0,346290.0,88.78672124902312,0.9078666249813936,2.347816214766642
ID9691,9691,1,1.3814399242401123,200.98943513227937,341.96697746039405,0.0,14403.964366400001,8,7.5,1,,160.48387096773962,255.0,0.0,255.0,253725.0,123.19867878707078,0.9663735369732455,1.2803666232617072
ID9412,9412,2,1.4962514638900757,214.6499739665324,391.12297308721094,0.0,1800.4955458000002,1,7.5,1,,169.5161290322555,255.0,0.0,255.0,268005.0,120.41622130598977,1.0,1.4077516068329192
ID9572,9572,2,1.3407179117202759,212.43552061183146,390.2717626685525,0.0,9002.477729,5,7.5,1,,130.1612903225792,255.0,0.0,255.0,205785.0,127.51255552716476,1.0,1.0207723450013528
ID9732,9732,2,1.0386183261871338,212.47975984924884,390.6107748982274,0.0,18004.955458,10,7.5,1,,81.93548387096766,0.0,0.0,255.0,129540.0,119.11800717147354,1.0,0.6878513653525059
ID9611,9611,2,1.3994208574295044,213.09306624350955,390.1458731574113,0.0,7201.982183200001,4,7.5,1,,142.58064516128852,255.0,0.0,255.0,225420.0,126.64505109527653,1.0,1.1258287941628564
ID9453,9453,2,1.3131823539733887,211.80818874030197,390.64277776182087,0.0,10802.9732748,6,7.5,1,,125.8064516129019,0.0,0.0,255.0,198900.0,127.52909018896837,1.0,0.9864921911266369
ID9806,9806,2,1.0977396965026855,212.7690690788887,390.550833326992,0.0,19805.4510038,11,7.5,1,,89.19354838709648,0.0,0.0,255.0,141015.0,121.64795849685078,1.0,0.7332104006447878
ID9841,9841,2,1.1234838962554932,212.580186581428,390.45491558919866,0.0,21605.9465496,12,7.5,1,,92.4193548387093,0.0,0.0,255.0,146115.0,122.61773202694559,1.0,0.7537193300753589
ID9651,9651,2,1.4689940214157104,214.52603151780633,390.70351301037937,0.0,3600.9910916000003,2,7.5,1,,160.8064516129009,255.0,0.0,255.0,254235.0,123.11180668681715,1.0,1.3061822090059547
ID9875,9875,2,1.1478571891784668,212.74810368639655,390.4337618144363,0.0,23406.4420954,13,7.5,1,,95.64516129032211,0.0,0.0,255.0,151215.0,123.49561037523519,1.0,0.7744822751165739
ID9492,9492,2,1.277377963066101,211.56443343591957,390.647599251916,0.0,12603.468820600001,7,7.5,1,,119.51612903225691,0.0,0.0,255.0,188955.0,127.29004763543327,1.0,0.9389275222408483
ID9370,9370,2,1.4417527914047241,214.13795402768207,390.63602975122564,0.0,5401.4866374,3,7.5,1,,152.9032258064495,255.0,0.0,255.0,241740.0,124.98322468080725,1.0,1.223389988512032
ID9531,9531,2,1.547823429107666,215.63903758797787,391.8081116525951,0.0,0.0,0,7.5,1,,193.54838709677094,255.0,0.0,255.0,306000.0,109.0934843231421,1.0,1.7741516672386026
ID9693,9693,2,1.0554194450378418,212.35668972957401,391.0739985178423,0.0,14403.964366400001,8,7.5,1,,83.87096774193535,0.0,0.0,255.0,132600.0,119.84090106464922,1.0,0.6998526128962467
ID9697,9697,4,1.3338745832443237,220.45518191285865,459.4564304852093,0.0,14403.964366400001,8,7.5,1,,192.90322580644838,255.0,0.0,255.0,304980.0,109.48173130521891,0.712249584188452,1.4658615867524247
ID9575,9575,4,1.285791039466858,218.592563249366,451.9817551104008,0.0,9002.477729,5,7.5,1,,180.3225806451584,255.0,0.0,255.0,285090.0,116.07991977341341,0.7216063971384091,1.3022354608369422
ID9735,9735,4,1.3157368898391724,219.00159447978962,464.14602949861086,0.0,18004.955458,10,7.5,1,,181.77419354838418,255.0,0.0,255.0,287385.0,115.40791273108827,0.7524988716572648,1.3526166897103626
ID9416,9416,4,1.4066392183303833,214.64192389750352,461.93270753907103,0.0,1800.4955458000002,1,7.5,1,,201.29032258064169,255.0,0.0,255.0,318240.0,104.01000360218373,0.7936624943505728,1.7126669244773407
ID9772,9772,4,1.335113525390625,219.66059616708307,461.86305699407706,0.0,16204.459912200002,9,7.5,1,,190.32258064515813,255.0,0.0,255.0,300900.0,110.98362145063253,0.7253017261868623,1.4418333801927536
ID9614,9614,4,1.3442258834838867,217.43846359875758,449.52979772522156,0.0,7201.982183200001,4,7.5,1,,192.2580645161258,255.0,0.0,255.0,303960.0,109.86481540671925,0.7529082314134787,1.5032762494864973
ID9456,9456,4,1.2840895652770996,218.9698184841185,454.05755358514654,0.0,10802.9732748,6,7.5,1,,183.8709677419325,255.0,0.0,255.0,290700.0,114.39773410337294,0.7083618303905513,1.332910616492026
ID9808,9808,4,1.3049595355987549,218.36282537453295,464.3190251127706,0.0,19805.4510038,11,7.5,1,,173.22580645161023,255.0,0.0,255.0,273870.0,119.05614670306552,0.7776313130666471,1.2729836143478774
ID9843,9843,4,1.0611917972564697,216.2908458093896,463.5590322686829,0.0,21605.9465496,12,7.5,1,,106.61290322580567,0.0,0.0,255.0,168555.0,125.81729544622077,0.7880787672697251,0.7469342960226002
ID9877,9877,4,1.0267634391784668,216.67123485422468,462.68242977893215,0.0,23406.4420954,13,7.5,1,,101.12903225806389,0.0,0.0,255.0,159885.0,124.78249349131951,0.7411119962717394,0.6899368199302557
ID9655,9655,4,1.280479907989502,217.3097423147142,463.39125169105483,0.0,3600.9910916000003,2,7.5,1,,182.90322580644866,255.0,0.0,255.0,289170.0,114.8698333049685,0.7125277886553679,1.3249806901361563
ID9495,9495,4,1.3269178867340088,219.8602124678369,456.66556902388794,0.0,12603.468820600001,7,7.5,1,,189.8387096774162,255.0,0.0,255.0,300135.0,111.25630083413627,0.7552411859184643,1.4683818836184128
ID9374,9374,4,1.3543990850448608,219.31989854142662,456.25482228882623,0.0,5401.4866374,3,7.5,1,,189.8387096774162,255.0,0.0,255.0,300135.0,111.25630083413627,0.7825687956568398,1.4981882269256708
ID9535,9535,4,1.4532999992370605,208.0105679447681,461.50617420941285,0.0,0.0,0,7.5,1,,194.1935483870935,255.0,0.0,255.0,307020.0,108.70001913929023,0.8914097674676615,1.683941242121802
ID9376,9376,5,1.4942362308502197,215.1401039216375,485.1708827898341,0.0,5401.4866374,3,7.5,1,,183.8709677419325,255.0,0.0,255.0,290700.0,114.39773410337294,0.9821260137665832,1.5928016181544382
ID9537,9537,5,1.5441488027572632,215.8158941582718,486.43501228887243,0.0,0.0,0,7.5,1,,218.70967741935087,255.0,0.0,255.0,345780.0,89.11828202506175,0.9221159369852746,2.354708428255152
ID9699,9699,5,1.2988444566726685,214.10648164741025,488.0601453692879,0.0,14403.964366400001,8,7.5,1,,139.03225806451442,255.0,0.0,255.0,219810.0,127.01756420663764,0.9820679080927444,1.0846878649534233
ID9577,9577,5,1.39481520652771,214.47031706506493,487.8941036143053,0.0,9002.477729,5,7.5,1,,155.48387096773976,255.0,0.0,255.0,245820.0,124.43048702166554,0.9948651051952823,1.2463476633784318
ID9737,9737,5,1.2429875135421753,214.00053618647112,487.34899126851883,0.0,18004.955458,10,7.5,1,,123.54838709677293,0.0,0.0,255.0,195330.0,127.4790713733803,0.9990748816319533,0.968717538325805
ID9418,9418,5,1.5298529863357544,215.23245545556225,486.8485994827903,0.0,1800.4955458000002,1,7.5,1,,203.87096774193193,255.0,0.0,255.0,322320.0,102.12895074681131,0.9593377906497835,1.9547838744845742
ID9774,9774,5,1.2744852304458618,214.16409555683248,487.55465330540426,0.0,16204.459912200002,9,7.5,1,,133.70967741935328,255.0,0.0,255.0,211395.0,127.38898801327895,0.9957330756805556,1.0473731290335975
ID9616,9616,5,1.45050048828125,215.07133150814832,485.4950567117344,0.0,7201.982183200001,4,7.5,1,,171.45161290322318,255.0,0.0,255.0,271065.0,119.72289616472024,0.9874077214951353,1.4229967323783386
ID9458,9458,5,1.352529764175415,214.1229434990245,488.18282011414686,0.0,10802.9732748,6,7.5,1,,150.16129032257862,255.0,0.0,255.0,237405.0,125.50967956763408,0.9722154472461835,1.1795569870034002
ID9810,9810,5,1.1280299425125122,214.53783834616797,487.3781250867708,0.0,19805.4510038,11,7.5,1,,97.09677419354787,0.0,0.0,255.0,153510.0,123.86120292833112,1.0,0.7839159631747663
ID9845,9845,5,1.0616732835769653,214.16426989009085,487.2602998644139,0.0,21605.9465496,12,7.5,1,,87.09677419354816,0.0,0.0,255.0,137700.0,120.96728868841296,1.0,0.7200026977366721
ID9879,9879,5,1.0489195585250854,214.28632261399568,487.2994131976431,0.0,23406.4420954,13,7.5,1,,85.48387096774175,0.0,0.0,255.0,135150.0,120.41622130599188,1.0,0.7099032841307743
ID9657,9657,5,1.5338940620422363,213.6831525286289,487.3784201253178,0.0,3600.9910916000003,2,7.5,1,,197.7419354838676,255.0,0.0,255.0,312630.0,106.44006071546762,0.9765683839645918,1.8357539799099851
ID9497,9497,5,1.293355941772461,213.78249422813496,488.3210119259503,0.0,12603.468820600001,7,7.5,1,,138.38709677419186,255.0,0.0,255.0,218790.0,127.07452487172748,0.9942325536310759,1.0858736060452163
ID9377,9377,6,1.4389824867248535,187.77186377719107,506.556237501284,0.0,5401.4866374,3,7.5,1,,164.354838709675,255.0,0.0,255.0,259845.0,122.09586380859794,0.9937577991866141,1.3418985673051607
ID9617,9617,6,1.4188618659973145,187.4388411150903,506.2548252284212,0.0,7201.982183200001,4,7.5,1,,154.99999999999784,255.0,0.0,255.0,245055.0,124.53838816438132,1.0,1.2445961625535853
ID9538,9538,6,1.4832301139831543,190.6060710765366,506.4150492066155,0.0,0.0,0,7.5,1,,187.90322580644852,255.0,0.0,255.0,297075.0,112.31954357695376,0.9559584663273908,1.6352655847160988
ID9459,9459,6,1.3915061950683594,186.6001791895593,505.1543957971086,0.0,10802.9732748,6,7.5,1,,143.22580645161108,255.0,0.0,255.0,226440.0,126.56650922600313,1.0,1.1316248455257647
ID9811,9811,6,1.111600637435913,190.05029373688444,504.62517124577323,0.0,19805.4510038,11,7.5,1,,91.93548387096737,0.0,0.0,255.0,145350.0,122.47817532103909,1.0,0.7506274781607957
ID9700,9700,6,1.324588656425476,187.49146472333072,504.35925301713246,0.0,14403.964366400001,8,7.5,1,,126.6129032258051,0.0,0.0,255.0,200175.0,127.53725466338288,1.0,0.9927523025329541
ID9658,9658,6,1.451634407043457,187.9180748474334,506.45489812389576,0.0,3600.9910916000003,2,7.5,1,,170.96774193548126,255.0,0.0,255.0,270300.0,119.89953430204781,0.981446259619922,1.4125730017251787
ID9578,9578,6,1.3843597173690796,187.09349156323546,505.88245365637164,0.0,9002.477729,5,7.5,1,,146.4516129032239,255.0,0.0,255.0,231540.0,126.1235418763478,0.9692481254194099,1.1430428867028537
ID9498,9498,6,1.3450753688812256,186.58345591868604,504.4528186758211,0.0,12603.468820600001,7,7.5,1,,131.7741935483856,255.0,0.0,255.0,208335.0,127.46865682529832,1.0,1.0337772188890968
ID9738,9738,6,1.2877521514892578,188.10361137115584,504.1574960934501,0.0,18004.955458,10,7.5,1,,118.70967741935371,0.0,0.0,255.0,187680.0,127.2368660798929,1.0,0.9329817770331995
ID9419,9419,6,1.4681048393249512,190.31826381726515,506.2159839582535,0.0,1800.4955458000002,1,7.5,1,,176.77419354838432,255.0,0.0,255.0,279480.0,117.6310160680482,0.9763488756143791,1.484801615547793
ID9775,9775,6,1.312431812286377,188.04240013285738,504.1756844294417,0.0,16204.459912200002,9,7.5,1,,123.70967741935357,0.0,0.0,255.0,195585.0,127.48397204279254,1.0,0.9703939674693218
ID9378,9378,7,1.3529671430587769,201.6671561222065,549.001516415435,0.0,5401.4866374,3,7.5,1,,173.5483870967715,255.0,0.0,255.0,274380.0,118.93167261980251,0.8001420544859761,1.297219205604213
ID9539,9539,7,1.4146829843521118,201.9256381752484,548.1495740969967,0.0,0.0,0,7.5,1,,199.19354838709336,255.0,0.0,255.0,314925.0,105.46715480736333,0.8551625325944231,1.741224357628596
ID9702,9702,7,1.2706294059753418,201.72473081942687,552.8746714067504,0.0,14403.964366400001,8,7.5,1,,156.29032258064296,255.0,0.0,255.0,247095.0,124.24625339315793,0.7828177103604951,1.1046698082570896
ID9739,9739,7,1.2285236120224,202.67882953084754,553.0515851142482,0.0,18004.955458,10,7.5,1,,146.61290322580453,255.0,0.0,255.0,231795.0,126.099185134676,0.7260447713058981,0.9781405305821379
ID9420,9420,7,1.3877183198928833,201.2101516576052,548.0686672946331,0.0,1800.4955458000002,1,7.5,1,,180.96774193548097,255.0,0.0,255.0,286110.0,115.78397977016293,0.8889937046377745,1.4711293663045526
ID9580,9580,7,1.3425759077072144,200.9222841083503,550.146195202543,0.0,9002.477729,5,7.5,1,,157.5806451612881,255.0,0.0,255.0,249135.0,123.93998896909191,0.8870294925497221,1.1953106490592855
ID9776,9776,7,1.276387333869934,202.29013273528687,553.2707915601208,0.0,16204.459912200002,9,7.5,1,,158.06451612903,255.0,0.0,255.0,249900.0,123.82147576390231,0.7684370323046821,1.109397266221538
ID9618,9618,7,1.3622255325317383,201.19250393652362,548.390308857258,0.0,7201.982183200001,4,7.5,1,,168.54838709677165,255.0,0.0,255.0,266475.0,120.74975050000887,0.8693699204193159,1.2983079430125244
ID9812,9812,7,1.1886553764343262,202.6444484170282,552.6161733487546,0.0,19805.4510038,11,7.5,1,,132.90322580645008,255.0,0.0,255.0,210120.0,127.42576442366341,0.7540090004739327,0.8967120022418011
ID9461,9461,7,1.351738691329956,200.7970450029104,550.687148982895,0.0,10802.9732748,6,7.5,1,,158.8709677419332,255.0,0.0,255.0,251175.0,123.61948987456456,0.8878955901043504,1.208847499624237
ID9846,9846,7,1.155979037284851,201.78510452616132,552.2754670774841,0.0,21605.9465496,12,7.5,1,,120.16129032257948,0.0,0.0,255.0,189975.0,127.32889703283965,0.7942496208542689,0.8354909593937617
ID9880,9880,7,1.006077527999878,201.65606427742608,551.6928252661587,0.0,23406.4420954,13,7.5,1,,91.93548387096737,0.0,0.0,255.0,145350.0,122.47817532103909,0.7621878246005489,0.6493282006354348
ID9659,9659,7,1.3814690113067627,201.20195596160852,549.2439413945168,0.0,3600.9910916000003,2,7.5,1,,181.61290322580354,255.0,0.0,255.0,287130.0,115.4836749292855,0.8508352043305887,1.4458851610636754
ID9500,9500,7,1.2949196100234985,200.86535694022604,552.2085709786998,0.0,12603.468820600001,7,7.5,1,,147.741935483869,255.0,0.0,255.0,233580.0,125.92276794582298,0.8437408258283279,1.073837855070148
ID9381,9381,9,1.3061598539352417,210.16167955582418,577.8606216022023,0.0,5401.4866374,3,7.5,1,,135.3225806451597,255.0,0.0,255.0,213945.0,127.30006782509281,0.9353999481230011,1.027538843745047
ID9542,9542,9,1.3019968271255493,212.19757750090602,568.2555219915674,0.0,0.0,0,7.5,1,,227.5806451612861,255.0,0.0,255.0,359805.0,79.01938941572189,0.6449995222933419,2.2585268980353095
ID9704,9704,9,1.22989821434021,213.8595818215531,578.6393862462203,0.0,14403.964366400001,8,7.5,1,,119.35483870967627,0.0,0.0,255.0,188700.0,127.27982213895392,0.8912816751286479,0.8838309974991895
ID9741,9741,9,1.212007761001587,214.07482475030676,578.4132110576941,0.0,18004.955458,10,7.5,1,,115.4838709677409,0.0,0.0,255.0,182580.0,126.97267432207416,0.9228878242174051,0.8730437918262125
ID9422,9422,9,1.287727952003479,210.65301698805675,568.4220214412053,0.0,1800.4955458000002,1,7.5,1,,217.2580645161251,255.0,0.0,255.0,343485.0,90.58106625055612,0.6386284728614942,1.8695464236851345
ID9582,9582,9,1.210766077041626,213.39507753669554,577.6628564907954,0.0,9002.477729,5,7.5,1,,118.54838709677307,0.0,0.0,255.0,187425.0,127.22561328676704,0.8443361394181054,0.8531519629695263
ID9778,9778,9,1.220779538154602,214.2547314777885,578.3603032256491,0.0,16204.459912200002,9,7.5,1,,117.74193548386987,0.0,0.0,255.0,186150.0,127.16626391072171,0.8916103438398902,0.872836043925099
ID9621,9621,9,1.2926872968673706,211.03679187965426,577.2666163883051,0.0,7201.982183200001,4,7.5,1,,132.09677419354688,255.0,0.0,255.0,208845.0,127.4574244962117,0.8880443858986683,0.9749437119371941
ID9814,9814,9,1.2234798669815063,216.2038737224924,579.6671912338145,0.0,19805.4510038,11,7.5,1,,113.22580645161193,0.0,0.0,255.0,179010.0,126.73853876001382,0.9633180609496967,0.8766894165474587
ID9463,9463,9,1.235783338546753,213.39422096799805,578.294511251495,0.0,10802.9732748,6,7.5,1,,120.48387096774076,0.0,0.0,255.0,190485.0,127.34709083244458,0.8837877952588937,0.8877402287145881
ID9848,9848,9,1.1785305738449097,217.38117564966777,581.1433359761335,0.0,21605.9465496,12,7.5,1,,105.9677419354831,0.0,0.0,255.0,167535.0,125.70842130345379,1.0,0.8429645431604166
ID9662,9662,9,1.3206970691680908,211.36468507371328,570.8188923508679,0.0,3600.9910916000003,2,7.5,1,,197.4193548387063,255.0,0.0,255.0,312120.0,106.65237203454983,0.689327283487863,1.5106396412341845
ID9502,9502,9,1.2135783433914185,213.48545119362595,578.5363999027488,0.0,12603.468820600001,7,7.5,1,,115.16129032257962,0.0,0.0,255.0,182070.0,126.94171360317719,0.8928668869554665,0.8558522649416124
ID9664,9664,10,1.3773531913757324,232.60386510337156,608.9328390854087,0.0,3600.9910916000003,2,7.5,1,,136.45161290322417,255.0,0.0,255.0,215730.0,127.22561328676973,1.0,1.0725168413663593
ID9504,9504,10,1.2669265270233154,233.64130342702362,611.6914681712698,0.0,12603.468820600001,7,7.5,1,,116.45161290322474,0.0,0.0,255.0,184110.0,127.06059440628115,1.0,0.916504550032768
ID9383,9383,10,1.3562006950378418,232.6786928552159,609.436289511873,0.0,5401.4866374,3,7.5,1,,132.5806451612888,255.0,0.0,255.0,209610.0,127.43904218587855,1.0,1.040345587091834
ID9544,9544,10,1.3895331621170044,233.2452261360424,608.2367248277525,0.0,0.0,0,7.5,1,,139.83870967741763,255.0,0.0,255.0,221085.0,126.94171360317578,1.0,1.10159777828869
ID9706,9706,10,1.2797564268112183,233.70177095488202,610.9700315306695,0.0,14403.964366400001,8,7.5,1,,118.38709677419243,0.0,0.0,255.0,187170.0,127.21415487472505,1.0,0.9306126106074821
ID9743,9743,10,1.264500617980957,232.98527672988146,610.084172420985,0.0,18004.955458,10,7.5,1,,115.64516129032154,0.0,0.0,255.0,182835.0,126.98784436864244,1.0,0.9106789855776007
ID9424,9424,10,1.3758010864257812,233.10789044757647,608.9808139201785,0.0,1800.4955458000002,1,7.5,1,,136.9354838709661,255.0,0.0,255.0,216495.0,127.1906209705831,1.0,1.07661620665125
ID9584,9584,10,1.3148643970489502,233.7021877361497,611.2854207552839,0.0,9002.477729,5,7.5,1,,124.51612903225677,0.0,0.0,255.0,196860.0,127.50541025679325,1.0,0.9765556518855464
ID9780,9780,10,1.2698063850402832,233.7678791116734,610.1091503060906,0.0,16204.459912200002,9,7.5,1,,117.58064516128923,0.0,0.0,255.0,185895.0,127.15377655019238,1.0,0.9247121741199383
ID9623,9623,10,1.3427510261535645,234.05951326323083,612.5533376488762,0.0,7201.982183200001,4,7.5,1,,129.8387096774179,255.0,0.0,255.0,205275.0,127.51888386085685,1.0,1.018192017890404
ID9816,9816,10,1.259516716003418,231.7034172641542,609.0560701090672,0.0,19805.4510038,11,7.5,1,,114.99999999999898,0.0,0.0,255.0,181815.0,126.92592277946082,1.0,0.9060402909169024
ID9465,9465,10,1.308431625366211,233.7173263888343,611.2937586487017,0.0,10802.9732748,6,7.5,1,,123.38709677419229,0.0,0.0,255.0,195075.0,127.47396630907171,1.0,0.9679395750111794
ID9850,9850,10,1.2471261024475098,230.80118963553625,608.5001094535836,0.0,21605.9465496,12,7.5,1,,112.09677419354745,0.0,0.0,255.0,177225.0,126.60619746451086,1.0,0.8853972114988244
ID9883,9883,10,1.271317720413208,230.37785235957483,608.4704412972754,0.0,23406.4420954,13,7.5,1,,116.12903225806346,0.0,0.0,255.0,183600.0,127.0321141431696,1.0,0.9141706649641524
ID9665,9665,11,1.4401075839996338,197.13677536405413,646.3844317894115,0.0,3600.9910916000003,2,7.5,1,,214.67741935483485,255.0,0.0,255.0,339405.0,93.06893281656782,0.7889345562206642,2.0345021511281876
ID9505,9505,11,1.3663437366485596,192.90751956964004,631.7745200584159,0.0,12603.468820600001,7,7.5,1,,176.61290322580368,255.0,0.0,255.0,279225.0,117.69849137255552,0.9050260435865826,1.4257444469632894
ID9384,9384,11,1.5037280321121216,199.78092643197425,635.0385239705207,0.0,5401.4866374,3,7.5,1,,205.64516129031898,255.0,0.0,255.0,325125.0,100.77701897805825,0.9245540299125738,1.960600780823978
ID9545,9545,11,1.4623585939407349,199.31663761227688,648.6671004043394,0.0,0.0,0,7.5,1,,212.74193548386717,255.0,0.0,255.0,336345.0,94.84594007071,0.8330007373768394,2.038670799658868
ID9707,9707,11,1.3721024990081787,192.92742475620202,631.8410922526011,0.0,14403.964366400001,8,7.5,1,,178.38709677419072,255.0,0.0,255.0,282030.0,116.94187969160492,0.9012804685094,1.4462292326892272
ID9744,9744,11,1.3381868600845337,191.47501585654067,630.5188258922894,0.0,18004.955458,10,7.5,1,,170.48387096773934,255.0,0.0,255.0,269535.0,120.07396148637201,0.9127588940760786,1.355065529613953
ID9425,9425,11,1.4344598054885864,198.88109179283813,646.6820887853169,0.0,1800.4955458000002,1,7.5,1,,214.67741935483485,255.0,0.0,255.0,339405.0,93.06893281656782,0.7817189713544758,2.0240585684550507
ID9585,9585,11,1.4201717376708984,194.5482529470166,633.1249621654612,0.0,9002.477729,5,7.5,1,,190.48387096773877,255.0,0.0,255.0,301155.0,110.89210983879609,0.8915573801840847,1.6192627919274536
ID9781,9781,11,1.356186032295227,192.36732540726757,631.1146381940472,0.0,16204.459912200002,9,7.5,1,,172.41935483870702,255.0,0.0,255.0,272595.0,119.36294764592303,0.8974406833387608,1.3664194067665558
ID9624,9624,11,1.436193823814392,196.16804976867036,633.3175075599747,0.0,7201.982183200001,4,7.5,1,,194.1935483870935,255.0,0.0,255.0,307020.0,108.70001913929023,0.8824991078020501,1.674999448901647
ID9817,9817,11,1.2273393869400024,192.29691058556105,632.6556958170063,0.0,19805.4510038,11,7.5,1,,118.22580645161179,0.0,0.0,255.0,186915.0,127.20249078819072,1.0,0.9294299641386243
ID9466,9466,11,1.406928300857544,193.62630826843903,632.5480657029934,0.0,10802.9732748,6,7.5,1,,188.38709677419044,255.0,0.0,255.0,297840.0,112.05781480431156,0.8953098605026487,1.588298571488205
ID9851,9851,11,1.1791831254959106,192.36454335810652,632.6069274176725,0.0,21605.9465496,12,7.5,1,,109.19354838709592,0.0,0.0,255.0,172635.0,126.21885948619548,1.0,0.8651127797509403
ID9884,9884,11,1.1830087900161743,192.81711576235273,632.781729826382,0.0,23406.4420954,13,7.5,1,,109.35483870967656,0.0,0.0,255.0,172890.0,126.24216214668829,1.0,0.8662307176156462
ID9666,9666,12,1.4722495079040527,220.11237625926051,664.884219412158,0.0,3600.9910916000003,2,7.5,1,,181.77419354838418,255.0,0.0,255.0,287385.0,115.40791273108827,0.9629545738565354,1.545333383599094
ID9506,9506,12,1.3648853302001953,221.00518344241206,666.7883596274598,0.0,12603.468820600001,7,7.5,1,,148.38709677419158,255.0,0.0,255.0,234600.0,125.81729544621734,1.0,1.1793855228562122
ID9385,9385,12,1.445441722869873,221.21684850933343,663.6616786723409,0.0,5401.4866374,3,7.5,1,,172.41935483870702,255.0,0.0,255.0,272595.0,119.36294764592303,0.9764061935192888,1.4272524450379585
ID9546,9546,12,1.5194966793060303,217.2771889541881,665.0117016028552,0.0,0.0,0,7.5,1,,202.9032258064481,255.0,0.0,255.0,320790.0,102.84597120639025,0.9521428085564464,1.9245188531751956
ID9708,9708,12,1.3580573797225952,221.05610563509234,666.9293799307802,0.0,14403.964366400001,8,7.5,1,,145.6451612903207,255.0,0.0,255.0,230265.0,126.24216214668748,1.0,1.1536966637270347
ID9745,9745,12,1.3426960706710815,221.34665595916363,666.4905816785629,0.0,18004.955458,10,7.5,1,,139.3548387096757,255.0,0.0,255.0,220320.0,126.98784436864503,1.0,1.097387229482606
ID9426,9426,12,1.495762825012207,218.71770436284922,665.9996658501434,0.0,1800.4955458000002,1,7.5,1,,188.06451612902916,255.0,0.0,255.0,297330.0,112.23260040882963,0.9606590827088243,1.6420449393208005
ID9586,9586,12,1.3742759227752686,221.09385633635125,664.8545275892224,0.0,9002.477729,5,7.5,1,,153.70967741935272,255.0,0.0,255.0,243015.0,124.81649249475187,0.9985132390840388,1.2305691705767663
ID9782,9782,12,1.3520234823226929,221.46720715160072,666.7504908075206,0.0,16204.459912200002,9,7.5,1,,143.709677419353,255.0,0.0,255.0,227205.0,126.50541025588561,1.0,1.1359962955629161
ID9625,9625,12,1.3960472345352173,221.21696096097241,664.1001905798396,0.0,7201.982183200001,4,7.5,1,,158.54838709677193,255.0,0.0,255.0,250665.0,123.70095511533879,0.9856786992164497,1.2724630071947307
ID9818,9818,12,1.31927490234375,221.6558705429304,666.5666270700609,0.0,19805.4510038,11,7.5,1,,134.1935483870952,255.0,0.0,255.0,212160.0,127.36446450682168,1.0,1.0536184398585349
ID9467,9467,12,1.3957258462905884,221.4205003900822,666.145272978481,0.0,10802.9732748,6,7.5,1,,159.35483870967514,255.0,0.0,255.0,251940.0,123.49561037523253,0.995703771269978,1.287590618801551
ID9852,9852,12,1.0106172561645508,219.72825626112936,665.669377728855,0.0,21605.9465496,12,7.5,1,,80.80645161290317,0.0,0.0,255.0,127755.0,118.6797007751201,1.0,0.6808784576059814
ID9856,9856,14,1.2385399341583252,224.40546211574136,7.813868227958822,0.0,23406.4420954,13,7.5,1,,141.93548387096595,255.0,0.0,255.0,224400.0,126.72025758786997,1.0,1.1200694077862452
ID9349,9349,14,1.3455183506011963,220.82157738469743,8.155111301406443,0.0,5401.4866374,3,7.5,1,,197.4193548387063,255.0,0.0,255.0,312120.0,106.65237203454983,0.95426243207341,1.8077324261368095
ID9510,9510,14,1.420577049255371,220.99894157423648,10.754362689856059,0.0,0.0,0,7.5,1,,225.6451612903184,255.0,0.0,255.0,356745.0,81.41234291813905,0.8317530558476893,2.517058143852347
ID9671,9671,14,1.30704665184021,224.41782668710954,7.737231327017422,0.0,14403.964366400001,8,7.5,1,,178.38709677419072,255.0,0.0,255.0,282030.0,116.94187969160492,0.9757920255348994,1.5067437518077171
ID9390,9390,14,1.371526837348938,221.48865299632592,9.941538701409401,0.0,1800.4955458000002,1,7.5,1,,216.93548387096382,255.0,0.0,255.0,342975.0,90.89978283020803,0.83018700754249,2.1651012425134657
ID9551,9551,14,1.2778388261795044,222.65008258709,7.071174022833702,0.0,9002.477729,5,7.5,1,,187.51612903225498,255.0,0.0,255.0,296463.0,112.45869801254605,0.9673674454238369,1.6397648060120449
ID9712,9712,14,1.2723662853240967,224.15371122756713,7.315220683475871,0.0,18004.955458,10,7.5,1,,167.9032258064491,255.0,0.0,255.0,265455.0,120.96728868841602,0.9662854253326857,1.3642060083259175
ID9749,9749,14,1.3124816417694092,224.55417733660366,7.912900954152301,0.0,16204.459912200002,9,7.5,1,,173.8709677419328,255.0,0.0,255.0,274890.0,118.80619170834437,0.9752918024165879,1.4451778765121128
ID9590,9590,14,1.281429409980774,221.8008825231893,7.195167197687045,0.0,7201.982183200001,4,7.5,1,,188.06451612902916,255.0,0.0,255.0,297330.0,112.23260040882963,0.9618468332249861,1.643079785678586
ID9431,9431,14,1.2940915822982788,223.16155631947004,7.298849066696614,0.0,10802.9732748,6,7.5,1,,186.2903225806421,255.0,0.0,255.0,294525.0,113.17265219017047,0.9694504073783674,1.620538468726604
ID9786,9786,14,1.2869259119033813,224.014342268868,7.6941178368995695,0.0,19805.4510038,11,7.5,1,,165.1612903225782,255.0,0.0,255.0,261120.0,121.84936714141676,0.9722853793783148,1.3364077477370113
ID9630,9630,14,1.4301893711090088,220.7450249968301,9.434499451610414,0.0,3600.9910916000003,2,7.5,1,,213.54838709677037,255.0,0.0,255.0,337620.0,94.1144386492887,0.9427888263387861,2.2022106814735305
ID9822,9822,14,1.2891826629638672,223.3099367616251,7.953441611614396,0.0,21605.9465496,12,7.5,1,,158.8709677419332,255.0,0.0,255.0,251175.0,123.61948987456456,0.9816424604754099,1.2732556898812706
ID9471,9471,14,1.3346986770629883,223.99862508099716,8.012461277977721,0.0,12603.468820600001,7,7.5,1,,177.74193548386816,255.0,0.0,255.0,281010.0,117.2206852767784,0.9951450814773276,1.5126120774200176
ID9472,9472,15,1.5519393682479858,204.59135115870293,37.757090713409525,0.0,12603.468820600001,7,7.5,1,,216.12903225806062,255.0,0.0,255.0,341700.0,91.68675924664376,0.9636376778975756,2.313603314683186
ID9857,9857,15,1.4762440919876099,204.42182639654266,38.837304431104236,0.0,23406.4420954,13,7.5,1,,171.1290322580619,255.0,0.0,255.0,270555.0,119.84090106464464,0.9887046203805595,1.4198579754678686
ID9350,9350,15,1.548512578010559,205.69452298781582,36.51801264167614,0.0,5401.4866374,3,7.5,1,,237.9032258064471,255.0,0.0,255.0,376125.0,63.796175600367874,0.894808122054617,3.5220892880922534
ID9511,9511,15,1.4011355638504028,206.6181212850481,37.72766817319012,0.0,0.0,0,7.5,1,,254.999999999995,255.0,255.0,255.0,403155.0,5.003803590643346E-12,0.6823840060354531,4.134030056283998E13
ID9672,9672,15,1.5470263957977295,204.64473716177298,38.41334918170819,0.0,14403.964366400001,8,7.5,1,,211.12903225806076,255.0,0.0,255.0,333795.0,96.27199626157855,0.9722273270237981,2.162164971858288
ID9391,9391,15,1.4483124017715454,204.98596555338952,37.15662895433772,0.0,1800.4955458000002,1,7.5,1,,254.999999999995,255.0,255.0,255.0,403155.0,5.003803590643346E-12,0.7330483776957405,4.311137479922481E13
ID9552,9552,15,1.5568329095840454,205.2492845711491,36.70754521040562,0.0,9002.477729,5,7.5,1,,224.19354838709265,255.0,0.0,255.0,354450.0,83.13229800149385,0.9406115396173486,2.61429753615258
ID9713,9713,15,1.524242877960205,204.09790948127568,38.50055196007157,0.0,18004.955458,10,7.5,1,,193.54838709677094,255.0,0.0,255.0,306000.0,109.0934843231421,0.9789547480493315,1.7552843996204124
ID9750,9750,15,1.5402429103851318,204.4590863796702,38.269953652606404,0.0,16204.459912200002,9,7.5,1,,203.22580645160937,255.0,0.0,255.0,321300.0,102.60853588958086,0.9793955615763515,1.959976661357008
ID9591,9591,15,1.5564361810684204,205.53044139037954,36.28272858045995,0.0,7201.982183200001,4,7.5,1,,229.83870967741507,255.0,0.0,255.0,363375.0,76.07035330870438,0.9220640890654636,2.8988849579291314
ID9432,9432,15,1.558843970298767,205.00152944712855,37.06420741805699,0.0,10802.9732748,6,7.5,1,,223.38709677418944,255.0,0.0,255.0,353175.0,84.06178821834013,0.9510622014586765,2.5907604677058447
ID9787,9787,15,1.5044302940368652,204.03116429869206,38.40829465069515,0.0,19805.4510038,11,7.5,1,,183.70967741935186,255.0,0.0,255.0,290445.0,114.47712098525511,0.9900901740879363,1.5967808907128107
ID9631,9631,15,1.5359982252120972,204.78432896612077,36.1850706531747,0.0,3600.9910916000003,2,7.5,1,,245.96774193547913,255.0,0.0,255.0,388875.0,47.14923355242991,0.8631449305693257,4.833598771188146
ID9823,9823,15,1.4936968088150024,204.14517038843178,38.34879223088216,0.0,21605.9465496,12,7.5,1,,178.54838709677136,255.0,0.0,255.0,282285.0,116.87151754342787,0.9917087773078759,1.521372506249014
ID9632,9632,16,1.4928419589996338,170.7519408260137,59.228695882668326,0.0,3600.9910916000003,2,7.5,1,,204.99999999999642,255.0,0.0,255.0,324105.0,101.27431728613043,0.9186619939982779,1.938392894673602
ID9824,9824,16,1.286123514175415,174.3690159881582,52.38088709408955,0.0,21605.9465496,12,7.5,1,,126.12903225806318,0.0,0.0,255.0,199410.0,127.53296837948913,1.0,0.9889915828098004
ID9473,9473,16,1.3800256252288818,174.68486100850217,53.70622566472425,0.0,12603.468820600001,7,7.5,1,,152.58064516128823,255.0,0.0,255.0,241230.0,125.04839814374921,1.0,1.220172728529392
ID9858,9858,16,1.2780331373214722,174.39149160402803,52.68620425274701,0.0,23406.4420954,13,7.5,1,,121.29032258064396,0.0,0.0,255.0,191760.0,127.38898801328163,1.0,0.9521256465904115
ID9351,9351,16,1.5068837404251099,172.86494411695662,58.697655659312964,0.0,5401.4866374,3,7.5,1,,193.3870967741903,255.0,0.0,255.0,305745.0,109.19103308797281,0.976624442317004,1.7501446396658789
ID9512,9512,16,1.493410348892212,172.61733945659233,60.70226363575812,0.0,0.0,0,7.5,1,,214.0322580645123,255.0,0.0,255.0,338385.0,93.66946111780386,0.9063009113391394,2.1726619995856176
ID9673,9673,16,1.3809175491333008,175.2966754481865,53.02828711067261,0.0,14403.964366400001,8,7.5,1,,152.9032258064495,255.0,0.0,255.0,241740.0,124.98322468080725,1.0,1.223389988512032
ID9392,9392,16,1.5004807710647583,171.29765173041082,59.80615546022951,0.0,1800.4955458000002,1,7.5,1,,207.58064516128667,255.0,0.0,255.0,328185.0,99.24500104664382,0.9145710691974925,1.9982700511989988
ID9553,9553,16,1.4158326387405396,174.23574536215568,54.787357229071965,0.0,9002.477729,5,7.5,1,,160.16129032257834,255.0,0.0,255.0,253215.0,123.28464509338346,0.9992862884085517,1.2986541455621918
ID9714,9714,16,1.347340703010559,175.17149151916558,52.93407912649163,0.0,18004.955458,10,7.5,1,,143.87096774193364,255.0,0.0,255.0,227460.0,126.48462576664672,1.0,1.1374581445761103
ID9751,9751,16,1.3715431690216064,175.34984422398387,53.01550525176599,0.0,16204.459912200002,9,7.5,1,,150.4838709677399,255.0,0.0,255.0,237915.0,125.45097090277378,0.9992404079888323,1.1990875399157355
ID9592,9592,16,1.4600918292999268,173.9015447088878,56.460636233636016,0.0,7201.982183200001,4,7.5,1,,173.70967741935215,255.0,0.0,255.0,274635.0,118.86905821628154,0.9921317055934065,1.4555813040078793
ID9433,9433,16,1.3928745985031128,174.20060413361975,53.796797278795026,0.0,10802.9732748,6,7.5,1,,157.74193548386873,255.0,0.0,255.0,249390.0,123.90070725903799,0.9978276118639048,1.271747468646492
ID9788,9788,16,1.3153555393218994,174.84785921210192,52.460555777210814,0.0,19805.4510038,11,7.5,1,,134.9999999999984,255.0,0.0,255.0,213435.0,127.31949247682735,1.0,1.0603246790711873
ID9393,9393,17,1.0166680812835693,186.07918120473997,77.80052397954516,0.0,1800.4955458000002,1,7.5,1,,234.354838709673,255.0,0.0,255.0,370515.0,69.57985092948726,0.4032775653435806,1.9358910275586163
ID9633,9633,17,1.0756313800811768,184.69053211950745,79.43689637548046,0.0,3600.9910916000003,2,7.5,1,,239.67741935483414,255.0,0.0,255.0,378930.0,60.62013641652904,0.44526854111192204,2.436204097616183
ID9825,9825,17,1.2266099452972412,192.01666529825326,83.52085311573035,0.0,21605.9465496,12,7.5,1,,187.25806451612596,255.0,0.0,255.0,296055.0,112.66433485312214,0.765986029841336,1.441841940331953
ID9554,9554,17,1.204575777053833,187.88973525715176,83.68637381112515,0.0,9002.477729,5,7.5,1,,246.45161290322105,255.0,0.0,255.0,389640.0,45.914019455100984,0.5346673727236657,3.740122003385317
ID9715,9715,17,1.177719235420227,188.77778181049737,84.46032158263307,0.0,18004.955458,10,7.5,1,,215.80645161289934,255.0,0.0,255.0,341190.0,91.9976842519263,0.5944659089087266,1.7491588026885396
ID9859,9859,17,1.310301661491394,192.18399423810973,83.05067741419298,0.0,23406.4420954,13,7.5,1,,195.32258064515798,255.0,0.0,255.0,308805.0,107.99872679708692,0.7884944229793617,1.5946847804994981
ID9352,9352,17,1.1537134647369385,184.87386734406013,82.28050677479463,0.0,5401.4866374,3,7.5,1,,243.38709677418888,255.0,0.0,255.0,384795.0,53.18100865443215,0.5044962937180579,3.0692893587206007
ID9593,9593,17,1.2162503004074097,186.1010673888799,83.6418721171832,0.0,7201.982183200001,4,7.5,1,,248.38709677418873,255.0,0.0,255.0,392700.0,40.5413298787539,0.5520099821782258,4.358263231264756
ID9753,9753,17,1.1494276523590088,188.8061876483671,84.6546183078529,0.0,16204.459912200002,9,7.5,1,,226.61290322580226,255.0,0.0,255.0,358275.0,80.2306291806182,0.5239838425561167,1.942280567988925
ID9435,9435,17,1.1159255504608154,188.5609206870823,84.31801307553248,0.0,10802.9732748,6,7.5,1,,239.5161290322535,255.0,0.0,255.0,378675.0,60.9178469344765,0.47423839029754467,2.5295845844123472
ID9675,9675,17,1.138974666595459,189.03593840988702,84.63177423830723,0.0,14403.964366400001,8,7.5,1,,235.32258064515685,255.0,0.0,255.0,372045.0,68.06961014457934,0.4964403676054121,2.293760175540668
ID9789,9789,17,1.2085636854171753,189.89490968058968,82.46446554518081,0.0,19805.4510038,11,7.5,1,,206.29032258064154,255.0,0.0,255.0,326145.0,100.2731009462475,0.6285311704241598,1.588017008974076
ID9634,9634,18,1.1685261726379395,196.34899753709033,90.05445698725575,0.0,3600.9910916000003,2,7.5,1,,224.51612903225393,255.0,0.0,255.0,354960.0,82.75537704320503,0.5312772161986309,1.8825594100584078
ID9826,9826,18,1.0069162845611572,209.11451141264718,99.5175268645204,0.0,21605.9465496,12,7.5,1,,83.7096774193547,0.0,0.0,255.0,132345.0,119.78202180653264,1.0,0.6988500958395859
ID9475,9475,18,1.0889157056808472,200.00598593807024,94.2689158676164,0.0,12603.468820600001,7,7.5,1,,156.61290322580425,255.0,0.0,255.0,247605.0,124.17101594369699,0.5562739997567072,0.9016541817828398
ID9860,9860,18,1.0191012620925903,206.1280664756549,102.8760568479283,0.0,23406.4420954,13,7.5,1,,83.7096774193547,0.0,0.0,255.0,132345.0,119.78202180653264,1.0,0.6988500958395859
ID9513,9513,18,1.071584701538086,193.53471024153862,91.69611909038632,0.0,0.0,0,7.5,1,,221.12903225806048,255.0,0.0,255.0,349605.0,86.5713274274073,0.442702644928888,1.5676062014949057
ID9353,9353,18,1.1916056871414185,198.5032605428393,90.97233471319946,0.0,5401.4866374,3,7.5,1,,206.77419354838347,255.0,0.0,255.0,326910.0,99.8907580116237,0.5616990796094409,1.4890434840860147
ID9676,9676,18,1.1146583557128906,200.93047281488845,95.34700673846739,0.0,14403.964366400001,8,7.5,1,,155.6451612903204,255.0,0.0,255.0,246075.0,124.39408065072382,0.6078274324745309,0.9460340485188313
ID9394,9394,18,1.1085282564163208,194.25819269468292,90.96435842965603,0.0,1800.4955458000002,1,7.5,1,,222.09677419354432,255.0,0.0,255.0,351135.0,85.51213620857665,0.47685741617404676,1.6772371129146104
ID9555,9555,18,1.1462278366088867,199.02202623634577,91.65381397078464,0.0,9002.477729,5,7.5,1,,191.93548387096453,255.0,0.0,255.0,303450.0,110.05443825370341,0.5252146512451544,1.2011121779451062
ID9716,9716,18,1.1400153636932373,204.92432522224803,97.95691892954954,0.0,18004.955458,10,7.5,1,,132.90322580645008,255.0,0.0,255.0,210120.0,127.42576442366341,0.7126546323890894,0.8679957309158071
ID9594,9594,18,1.1529581546783447,198.7902826703007,91.26182444810225,0.0,7201.982183200001,4,7.5,1,,193.22580645160966,255.0,0.0,255.0,305490.0,109.288256596068,0.5276363519400674,1.221339353023208
ID9754,9754,18,1.1323254108428955,203.16789916639442,96.77566855744827,0.0,16204.459912200002,9,7.5,1,,144.5161290322562,255.0,0.0,255.0,228480.0,126.39939422300665,0.6752402611693898,0.9216850656693
ID9436,9436,18,1.1389434337615967,199.23745273000776,94.19997033605938,0.0,10802.9732748,6,7.5,1,,174.99999999999727,255.0,0.0,255.0,276675.0,118.35903328218446,0.5478893769769994,1.0466936640894307
ID9790,9790,18,1.185658574104309,200.7442589561481,99.34537656578044,0.0,19805.4510038,11,7.5,1,,152.74193548386887,255.0,0.0,255.0,241485.0,125.01591977023413,0.7073002139572189,1.0123177677031567
ID9635,9635,19,1.4855141639709473,220.16410387950188,115.94025239128042,0.0,3600.9910916000003,2,7.5,1,,165.32258064515884,255.0,0.0,255.0,261375.0,121.79936678523686,1.0,1.3573353048432875
ID9827,9827,19,1.1544888019561768,226.44948744589243,115.5695249113432,0.0,21605.9465496,12,7.5,1,,102.41935483870901,0.0,0.0,255.0,161925.0,125.04839814374984,1.0,0.8190377194674056
ID9476,9476,19,1.2750475406646729,222.92408580895685,115.49703134866996,0.0,12603.468820600001,7,7.5,1,,117.41935483870859,0.0,0.0,255.0,185640.0,127.14108322204531,1.0,0.9235359009301641
ID9861,9861,19,1.187386155128479,225.5933502670907,116.01776547245355,0.0,23406.4420954,13,7.5,1,,106.77419354838631,0.0,0.0,255.0,168810.0,125.8439821363515,1.0,0.8484648350740909
ID9514,9514,19,1.52017343044281,217.3254147658605,113.65419613132039,0.0,0.0,0,7.5,1,,178.87096774193265,255.0,0.0,255.0,282795.0,116.72999700547795,1.0,1.5323479168215735
ID9354,9354,19,1.4286844730377197,220.33977354230817,114.32135187172415,0.0,5401.4866374,3,7.5,1,,149.03225806451414,255.0,0.0,255.0,235620.0,125.70842130345581,1.0,1.1855391748557194
ID9677,9677,19,1.2852317094802856,224.11131945261377,115.85699111549087,0.0,14403.964366400001,8,7.5,1,,119.8387096774182,0.0,0.0,255.0,189465.0,127.30988275639858,1.0,0.9413150580518865
ID9395,9395,19,1.4975372552871704,218.38274458676182,115.19302646757885,0.0,1800.4955458000002,1,7.5,1,,169.1935483870942,255.0,0.0,255.0,267495.0,120.52836415527337,1.0,1.4037654088553533
ID9556,9556,19,1.3184787034988403,221.66318455736356,114.4982802400255,0.0,9002.477729,5,7.5,1,,124.03225806451485,0.0,0.0,255.0,196095.0,127.49316029020655,1.0,0.9728542125882376
ID9717,9717,19,1.2030435800552368,225.16605280601507,115.58384595313557,0.0,18004.955458,10,7.5,1,,106.77419354838631,0.0,0.0,255.0,168810.0,125.8439821363515,1.0,0.8484648350740909
ID9595,9595,19,1.3605679273605347,221.10480356623967,114.42285354604599,0.0,7201.982183200001,4,7.5,1,,133.06451612903072,255.0,0.0,255.0,210375.0,127.41881858150042,1.0,1.0443081925447235
ID9755,9755,19,1.2594635486602783,224.55288301763346,115.58917198058765,0.0,16204.459912200002,9,7.5,1,,115.16129032257962,0.0,0.0,255.0,182070.0,126.94171360317719,1.0,0.9071981703553849
ID9437,9437,19,1.3064039945602417,222.19847876005718,115.12421651841267,0.0,10802.9732748,6,7.5,1,,122.2580645161278,0.0,0.0,255.0,193290.0,127.43250561429626,1.0,0.9593946530892982
ID9791,9791,19,1.1824232339859009,226.0402634117884,115.2312744478364,0.0,19805.4510038,11,7.5,1,,104.03225806451542,0.0,0.0,255.0,164475.0,125.3612990036094,1.0,0.829859445390081
ID9792,9792,20,1.0862720012664795,242.7973788809312,130.79983869109736,0.0,19805.4510038,11,7.5,1,,89.03225806451584,0.0,0.0,255.0,140760.0,121.59701902064953,1.0,0.7321911242692261
ID9828,9828,20,1.0566760301589966,242.3061610657792,130.4367894360507,0.0,21605.9465496,12,7.5,1,,85.80645161290303,0.0,0.0,255.0,135660.0,120.52836415526926,1.0,0.7119191587331583
ID9637,9637,20,1.206128478050232,243.22499564398328,131.78502831177667,0.0,3600.9910916000003,2,7.5,1,,105.32258064516054,0.0,0.0,255.0,166515.0,125.5961366712923,1.0,0.8385813722981679
ID9478,9478,20,1.095524549484253,242.25010688353913,131.42120804549336,0.0,12603.468820600001,7,7.5,1,,89.83870967741905,0.0,0.0,255.0,142035.0,121.84936714141959,1.0,0.7372931988489636
ID9862,9862,20,1.039436936378479,242.7250131510573,130.5762854595166,0.0,23406.4420954,13,7.5,1,,83.22580645161278,0.0,0.0,255.0,131580.0,119.60390426689165,1.0,0.6958452314892456
ID9515,9515,20,1.278073787689209,243.562979427727,131.3769546907915,0.0,0.0,0,7.5,1,,117.0967741935473,0.0,0.0,255.0,185130.0,127.11507841508653,1.0,0.9211871294385308
ID9356,9356,20,1.1816331148147583,243.0828693949681,131.48058489708157,0.0,5401.4866374,3,7.5,1,,101.61290322580581,0.0,0.0,255.0,160650.0,124.88383740924891,1.0,0.8136593600404558
ID9679,9679,20,1.1208139657974243,242.51331290721126,131.12797353075973,0.0,14403.964366400001,8,7.5,1,,93.2258064516125,0.0,0.0,255.0,147390.0,122.84573630591328,1.0,0.7588851616262811
ID9396,9396,20,1.2372368574142456,243.26163782350707,131.35633725545475,0.0,1800.4955458000002,1,7.5,1,,109.99999999999912,0.0,0.0,255.0,173910.0,126.33326931853239,1.0,0.8707128422573224
ID9558,9558,20,1.136515498161316,242.6013721567647,131.0317061749213,0.0,9002.477729,5,7.5,1,,95.64516129032211,0.0,0.0,255.0,151215.0,123.49561037523519,1.0,0.7744822751165739
ID9718,9718,20,1.0855265855789185,242.4776737376024,130.54998874161103,0.0,18004.955458,10,7.5,1,,88.70967741935456,0.0,0.0,255.0,140250.0,121.49443322647502,1.0,0.73015425533113
ID9756,9756,20,1.1053134202957153,242.7788631932963,130.87773778864812,0.0,16204.459912200002,9,7.5,1,,91.12903225806417,0.0,0.0,255.0,144075.0,122.2409678717189,1.0,0.7454868350984921
ID9597,9597,20,1.152850866317749,242.68262342657428,130.98632520288865,0.0,7201.982183200001,4,7.5,1,,97.90322580645108,0.0,0.0,255.0,154785.0,124.05650048414523,1.0,0.7891825533073407
ID9439,9439,20,1.1211992502212524,242.31253676476953,131.0401759559669,0.0,10802.9732748,6,7.5,1,,93.06451612903186,0.0,0.0,255.0,147135.0,122.80059327402483,1.0,0.7578507045268255
ID9760,9760,21,1.455154299736023,222.66610579027744,170.4795707429678,0.0,16204.459912200002,9,7.5,1,,164.99999999999756,255.0,0.0,255.0,260865.0,121.89913344309319,0.9993072111172239,1.3531090866130422
ID9601,9601,21,1.492395043373108,221.960066522939,171.35234878272502,0.0,7201.982183200001,4,7.5,1,,176.2903225806424,255.0,0.0,255.0,278715.0,117.83266332188305,0.9941791884613015,1.4917404362612516
ID9443,9443,21,1.4553812742233276,221.60517710379315,171.200685300402,0.0,10802.9732748,6,7.5,1,,160.96774193548154,255.0,0.0,255.0,254490.0,123.06803036532007,1.0,1.3079574074408964
ID9796,9796,21,1.4224721193313599,222.02811353193619,169.83637207128598,0.0,19805.4510038,11,7.5,1,,149.03225806451414,255.0,0.0,255.0,235620.0,125.70842130345581,1.0,1.1855391748557194
ID9830,9830,21,1.4021480083465576,221.4473743172022,169.55787555424152,0.0,21605.9465496,12,7.5,1,,142.0967741935466,255.0,0.0,255.0,224655.0,126.70176832697703,1.0,1.1215058484964466
ID9640,9640,21,1.551454782485962,221.7670349759827,169.5403896289829,0.0,3600.9910916000003,2,7.5,1,,209.677419354835,255.0,0.0,255.0,331500.0,97.51480083657113,0.979488835758076,2.1279310610774878
ID9864,9864,21,1.1233131885528564,222.42396145047465,170.36923669078328,0.0,23406.4420954,13,7.5,1,,93.2258064516125,0.0,0.0,255.0,147390.0,122.84573630591328,1.0,0.7588851616262811
ID9482,9482,21,1.4449564218521118,221.77232476205126,171.03015961062118,0.0,12603.468820600001,7,7.5,1,,160.32258064515898,255.0,0.0,255.0,253470.0,123.24177504553657,0.9985745205236136,1.299950692938161
ID9519,9519,21,1.5712357759475708,223.1767405918947,168.10278348553754,0.0,0.0,0,7.5,1,,226.29032258064098,255.0,0.0,255.0,357765.0,80.62774965161233,0.968663436727768,2.7619312904755997
ID9359,9359,21,1.51811945438385,222.29099825699126,171.04477149152666,0.0,5401.4866374,3,7.5,1,,188.70967741935172,255.0,0.0,255.0,298350.0,111.8818254885175,0.9879538727042068,1.676466922509717
ID9683,9683,21,1.463106393814087,222.4973698307508,171.10600139658894,0.0,14403.964366400001,8,7.5,1,,167.09677419354588,255.0,0.0,255.0,264180.0,121.23383147723946,1.0,1.378301519942614
ID9400,9400,21,1.565511703491211,223.27106847775946,168.53729008496487,0.0,1800.4955458000002,1,7.5,1,,216.12903225806062,255.0,0.0,255.0,341700.0,91.68675924664376,0.9811327634753422,2.3348053530616113
ID9562,9562,21,1.4676330089569092,221.74041412368095,171.3057613532923,0.0,9002.477729,5,7.5,1,,168.22580645161037,255.0,0.0,255.0,265965.0,120.85899930642984,0.9993204911460769,1.3914448450573198
ID9722,9722,21,1.4461545944213867,222.1560032098795,170.0496672758953,0.0,18004.955458,10,7.5,1,,157.5806451612881,255.0,0.0,255.0,249135.0,123.93998896909191,1.0,1.2714269742317426
ID9762,9762,22,1.470824122428894,199.0276867960388,184.9763314997496,0.0,16204.459912200002,9,7.5,1,,160.16129032257834,255.0,0.0,255.0,253215.0,123.28464509338346,1.0,1.2991179088138853
ID9603,9603,22,1.524424433708191,200.14749086306628,185.85272781155615,0.0,7201.982183200001,4,7.5,1,,180.16129032257777,255.0,0.0,255.0,284835.0,116.1532266888552,1.0,1.5510657384076278
ID9445,9445,22,1.5046803951263428,199.2526837411955,185.64224165055754,0.0,10802.9732748,6,7.5,1,,173.22580645161023,255.0,0.0,255.0,273870.0,119.05614670306552,1.0,1.4549925497223397
ID9798,9798,22,1.4663567543029785,198.90621228312975,184.97136557097414,0.0,19805.4510038,11,7.5,1,,158.8709677419332,255.0,0.0,255.0,251175.0,123.61948987456456,1.0,1.285161165954802
ID9833,9833,22,1.4352220296859741,198.6146022544838,185.06777202096066,0.0,21605.9465496,12,7.5,1,,149.99999999999798,255.0,0.0,255.0,237150.0,125.53871257277656,1.0,1.1948505518808858
ID9643,9643,22,1.5596164464950562,200.2852172712173,185.98407230232993,0.0,3600.9910916000003,2,7.5,1,,206.29032258064154,255.0,0.0,255.0,326145.0,100.2731009462475,0.9906208402159609,2.047591503094477
ID9867,9867,22,1.0936436653137207,198.8285771016349,184.6136190084703,0.0,23406.4420954,13,7.5,1,,89.19354838709648,0.0,0.0,255.0,141015.0,121.64795849685078,1.0,0.7332104006447878
ID9484,9484,22,1.4798086881637573,198.797612356521,185.4657462149374,0.0,12603.468820600001,7,7.5,1,,163.87096774193307,255.0,0.0,255.0,259080.0,122.24096787172194,1.0,1.3405568574513997
ID9522,9522,22,1.5028506517410278,197.95998410559739,181.74108862961444,0.0,0.0,0,7.5,1,,216.29032258064126,255.0,0.0,255.0,341955.0,91.53047407704668,0.9222553104711038,2.2674695703903667
ID9362,9362,22,1.5504299402236938,200.06251135918134,185.83461986361672,0.0,5401.4866374,3,7.5,1,,197.09677419354503,255.0,0.0,255.0,311610.0,106.86328718421258,0.9994199975383828,1.843847447496096
ID9685,9685,22,1.4711836576461792,199.14514306341405,185.21825423721342,0.0,14403.964366400001,8,7.5,1,,159.35483870967514,255.0,0.0,255.0,251940.0,123.49561037523253,1.0,1.2903684448822668
ID9403,9403,22,1.561529517173767,199.5321707600801,184.69960779888734,0.0,1800.4955458000002,1,7.5,1,,209.03225806451243,255.0,0.0,255.0,330480.0,98.05520066003535,0.997268517198753,2.128866008329224
ID9564,9564,22,1.4903138875961304,199.72912229771094,185.74364998642366,0.0,9002.477729,5,7.5,1,,165.9677419354814,255.0,0.0,255.0,262395.0,121.59701902064667,1.0,1.3648997588279757
ID9724,9724,22,1.478453516960144,198.62823162228182,184.66146377559912,0.0,18004.955458,10,7.5,1,,161.93548387096538,255.0,0.0,255.0,256020.0,122.80059327402311,1.0,1.3186864945319507
ID9764,9764,23,1.433411955833435,196.70519477983618,230.739387668407,0.0,16204.459912200002,9,7.5,1,,177.25806451612624,255.0,0.0,255.0,280245.0,117.42702746078662,0.9177305586100261,1.444759422894308
ID9605,9605,23,1.4718912839889526,200.06465019085348,229.6666734379074,0.0,7201.982183200001,4,7.5,1,,193.3870967741903,255.0,0.0,255.0,305745.0,109.19103308797281,0.9237852183169593,1.7009241193548994
ID9447,9447,23,1.4070875644683838,199.79413286654565,229.93434338590612,0.0,10802.9732748,6,7.5,1,,176.12903225806176,255.0,0.0,255.0,278460.0,117.89936085283273,0.9268185430054838,1.4371542741962422
ID9800,9800,23,1.3509020805358887,191.83153100971043,230.08799525114836,0.0,19805.4510038,11,7.5,1,,163.06451612902987,255.0,0.0,255.0,257805.0,122.478175321037,0.8005069623467826,1.1838619507106092
ID9835,9835,23,1.3236565589904785,191.83101996701066,229.52452699834706,0.0,21605.9465496,12,7.5,1,,157.2580645161268,255.0,0.0,255.0,248625.0,124.01788537223787,0.8116236372203333,1.136175206954865
ID9645,9645,23,1.4342162609100342,198.58971393472405,231.83521508098883,0.0,3600.9910916000003,2,7.5,1,,220.96774193547984,255.0,0.0,255.0,349350.0,86.74555164912408,0.7852079472752697,2.2408229052686814
ID9869,9869,23,1.2615033388137817,190.2147213537333,230.1149907622486,0.0,23406.4420954,13,7.5,1,,138.22580645161122,255.0,0.0,255.0,218535.0,127.08824898395574,0.7864476625967551,0.9576201169163852
ID9486,9486,23,1.3963844776153564,199.90932939509207,229.91505351643048,0.0,12603.468820600001,7,7.5,1,,169.5161290322555,255.0,0.0,255.0,268005.0,120.41622130598977,0.9551579906268399,1.3754644919034273
ID9524,9524,23,1.4913710355758667,200.9644773229258,236.43529687799582,0.0,0.0,0,7.5,1,,235.4838709677375,255.0,0.0,255.0,372300.0,67.81329001737892,0.8404704228381561,3.171538144441025
ID9364,9364,23,1.4912941455841064,199.23283109888166,230.4088127945238,0.0,5401.4866374,3,7.5,1,,208.38709677418987,255.0,0.0,255.0,329460.0,98.58841401354015,0.8974420694075516,1.9994605434297654
ID9687,9687,23,1.4211879968643188,199.72763233868773,230.48673284462848,0.0,14403.964366400001,8,7.5,1,,181.93548387096482,255.0,0.0,255.0,287640.0,115.33187505913284,0.9325860565833657,1.5224678452932734
ID9405,9405,23,1.4503644704818726,199.75325636898037,234.69625446804812,0.0,1800.4955458000002,1,7.5,1,,228.54838709676994,255.0,0.0,255.0,361335.0,77.7772441924317,0.8016837099776746,2.6150506942738363
ID9566,9566,23,1.4492385387420654,200.3472263831117,229.74589534774,0.0,9002.477729,5,7.5,1,,182.2580645161261,255.0,0.0,255.0,288150.0,115.17897110962728,0.9385781003911728,1.5322536669564382
ID9726,9726,23,1.2898114919662476,190.79633025690322,231.71591767382273,0.0,18004.955458,10,7.5,1,,166.61290322580396,255.0,0.0,255.0,263415.0,121.39090298318048,0.7298975788199986,1.1582278884131325
ID9765,9765,24,1.3428038358688354,172.5434374679496,238.34022247562797,0.0,16204.459912200002,9,7.5,1,,147.741935483869,255.0,0.0,255.0,233580.0,125.92276794582298,0.9800768987312626,1.161468976456999
ID9606,9606,24,1.376128077507019,174.31672898095937,239.65034974654705,0.0,7201.982183200001,4,7.5,1,,159.67741935483642,255.0,0.0,255.0,252450.0,123.41190032444214,0.971063481020244,1.2748628660415222
ID9448,9448,24,1.3679105043411255,172.81534688555325,239.643939958096,0.0,10802.9732748,6,7.5,1,,154.67741935483656,255.0,0.0,255.0,244545.0,124.609225850282,0.9715778490775899,1.2234053914290397
ID9801,9801,24,1.3918788433074951,170.73612220610258,237.9540936243055,0.0,19805.4510038,11,7.5,1,,152.25806451612695,255.0,0.0,255.0,240720.0,125.11270541698764,0.996251906940136,1.2146823104029087
ID9836,9836,24,1.378682255744934,169.68545120172067,237.9472613403618,0.0,21605.9465496,12,7.5,1,,147.58064516128837,255.0,0.0,255.0,233325.0,125.94860557150768,0.9984515416269392,1.170845002343271
ID9646,9646,24,1.2917174100875854,178.446044066748,242.24369863824262,0.0,3600.9910916000003,2,7.5,1,,169.67741935483613,255.0,0.0,255.0,268260.0,120.35978628407881,0.7650691302315534,1.2221136575481346
ID9870,9870,24,1.348713994026184,169.51443714460402,238.78320500510077,0.0,23406.4420954,13,7.5,1,,136.45161290322417,255.0,0.0,255.0,215730.0,127.22561328676973,1.0,1.0725168413663593
ID9487,9487,24,1.281190037727356,172.85095123173738,239.50848245857802,0.0,12603.468820600001,7,7.5,1,,136.1290322580629,255.0,0.0,255.0,215220.0,127.24791330864453,0.971025572216804,1.05406766754986
ID9525,9525,24,1.348816990852356,178.42917620950718,244.27268520473766,0.0,0.0,0,7.5,1,,185.4838709677389,255.0,0.0,255.0,293250.0,113.5882104070953,0.7888148674266338,1.4401660904654963
ID9365,9365,24,1.3628894090652466,176.1553815906954,240.44527025684118,0.0,5401.4866374,3,7.5,1,,163.38709677419115,255.0,0.0,255.0,258315.0,122.3839856135873,0.9389348685805751,1.2929907133724612
ID9688,9688,24,1.3262507915496826,173.0038722957266,239.18163801503005,0.0,14403.964366400001,8,7.5,1,,147.741935483869,255.0,0.0,255.0,233580.0,125.92276794582298,0.986164677192817,1.1651013545455733
ID9406,9406,24,1.3935519456863403,182.77174368451904,244.77614239226423,0.0,1800.4955458000002,1,7.5,1,,202.5806451612868,255.0,0.0,255.0,320280.0,103.08184952309766,0.8021451335894868,1.7494798027536689
ID9567,9567,24,1.3413541316986084,173.71106227014985,239.7652687709059,0.0,9002.477729,5,7.5,1,,144.67741935483684,255.0,0.0,255.0,228735.0,126.37756241094158,0.9773387612755713,1.1316830683986632
ID9727,9727,24,1.3029781579971313,171.735181227436,238.23233506352972,0.0,18004.955458,10,7.5,1,,143.709677419353,255.0,0.0,255.0,227205.0,126.50541025588561,0.9368139701162561,1.0989358979270234
ID9568,9568,25,1.3099322319030762,195.28288960522977,269.4650855390464,0.0,9002.477729,5,7.5,1,,182.41935483870674,255.0,0.0,255.0,288405.0,115.10210373134632,0.935103339895235,1.53169782409641
ID9728,9728,25,1.0708575248718262,195.20900227836864,271.8733902052397,0.0,18004.955458,10,7.5,1,,86.61290322580624,0.0,0.0,255.0,136935.0,120.80449499342681,1.0,0.7169675534881297
ID9766,9766,25,1.0627135038375854,196.23192416005276,271.5325707527907,0.0,16204.459912200002,9,7.5,1,,85.32258064516111,0.0,0.0,255.0,134895.0,120.3597862840761,1.0,0.7088960796572095
ID9607,9607,25,1.4409348964691162,195.50789453325984,270.1058919951433,0.0,7201.982183200001,4,7.5,1,,180.48387096773905,255.0,0.0,255.0,285345.0,116.0063421408735,0.9302901155565652,1.499624335510474
ID9449,9449,25,1.1739782094955444,195.61283270606057,270.52275629763204,0.0,10802.9732748,6,7.5,1,,101.12903225806389,0.0,0.0,255.0,159885.0,124.78249349131951,1.0,0.8104424701618815
ID9802,9802,25,1.0563044548034668,194.85358748557803,271.57779889851935,0.0,19805.4510038,11,7.5,1,,84.51612903225791,0.0,0.0,255.0,133620.0,120.07396148637407,1.0,0.7038672497021659
ID9837,9837,25,1.0489459037780762,194.5812764680582,271.6226194252242,0.0,21605.9465496,12,7.5,1,,83.7096774193547,0.0,0.0,255.0,132345.0,119.78202180653264,1.0,0.6988500958395859
ID9647,9647,25,1.352820634841919,196.01026874437898,274.307722106985,0.0,3600.9910916000003,2,7.5,1,,171.29032258064254,255.0,0.0,255.0,270810.0,119.78202180653096,0.8637594267208009,1.325482904176154
ID9871,9871,25,1.0576714277267456,194.61606058065695,271.68282453998836,0.0,23406.4420954,13,7.5,1,,84.51612903225791,0.0,0.0,255.0,133620.0,120.07396148637407,1.0,0.7038672497021659
ID9488,9488,25,1.0854920148849487,195.73937995820054,272.0632435426226,0.0,12603.468820600001,7,7.5,1,,88.38709677419328,0.0,0.0,255.0,139740.0,121.39090298318173,1.0,0.7281196086533683
ID9526,9526,25,1.3856492042541504,197.050279106732,274.26644253564643,0.0,0.0,0,7.5,1,,169.1935483870942,255.0,0.0,255.0,267495.0,120.52836415527337,0.9295781153851853,1.3525335852455864
ID9366,9366,25,1.381721019744873,196.05562340548698,273.2237078160836,0.0,5401.4866374,3,7.5,1,,171.77419354838446,255.0,0.0,255.0,271575.0,119.60390426689568,0.8887269851286442,1.3515799453394342
ID9689,9689,25,1.0572428703308105,196.08692181068358,272.1154231740592,0.0,14403.964366400001,8,7.5,1,,84.83870967741919,0.0,0.0,255.0,134130.0,120.18902272735427,1.0,0.7058773567855164
ID9407,9407,25,1.357056975364685,196.26416545431147,273.95280049569527,0.0,1800.4955458000002,1,7.5,1,,163.2258064516105,255.0,0.0,255.0,258060.0,122.431195834035,0.9355899749448658,1.2888397522126387
