LABEL,ID,TRACK_ID,QUALITY,POSITION_X,POSITION_Y,POSITION_Z,POSITION_T,FRAME,RADIUS,VISIBILITY,MANUAL_SPOT_COLOR,MEAN_INTENSITY_CH1,MEDIAN_INTENSITY_CH1,MIN_INTENSITY_CH1,MAX_INTENSITY_CH1,TOTAL_INTENSITY_CH1,STD_INTENSITY_CH1,CONTRAST_CH1,SNR_CH1
Label,Spot ID,Track ID,Quality,X,Y,Z,T,Frame,Radius,Visibility,Manual spot color,Mean intensity ch1,Median intensity ch1,Min intensity ch1,Max intensity ch1,Sum intensity ch1,Std intensity ch1,Contrast ch1,Signal/Noise ratio ch1
Label,Spot ID,Track ID,Quality,X,Y,Z,T,Frame,R,Visibility,Spot color,Mean ch1,Median ch1,Min ch1,Max ch1,Sum ch1,Std ch1,Ctrst ch1,SNR ch1
,,,(quality),(micron),(micron),(micron),(sec),,(micron),,,(counts),(counts),(counts),(counts),(counts),(counts),,
ID7234,7234,0,1.345227599143982,297.74318833680076,112.66639245793671,0.0,5401.4866374,3,7.5,1,,213.709677419351,255.0,0.0,255.0,337875.0,93.96662396269107,0.7229664178261307,1.9086305566031783
ID7111,7111,0,1.1771655082702637,296.27350270492235,110.7321289516635,0.0,7201.982183200001,4,7.5,1,,213.06451612902845,255.0,0.0,255.0,336855.0,94.55484450754001,0.5419506356267881,1.5839687116213734
ID7176,7176,0,1.059812068939209,296.1903710709949,113.43480590123593,0.0,12603.468820600001,7,7.5,1,,212.9032258064478,255.0,0.0,255.0,336600.0,94.70064157599288,0.44815186112677524,1.391458998526682
ID6989,6989,0,1.0065735578536987,300.4746455282357,113.65053415084314,0.0,1800.4955458000002,1,7.5,1,,231.29032258064083,255.0,0.0,255.0,365670.0,74.07624254837721,0.42207434425474205,1.8534256350261018
ID7053,7053,0,1.201936960220337,295.93571164808435,113.70279779467131,0.0,10802.9732748,6,7.5,1,,214.5161290322542,255.0,0.0,255.0,339150.0,93.21984644556835,0.5965896642365257,1.7197446833801604
ID6932,6932,0,1.305208444595337,299.3687526048711,114.08056698591234,0.0,3600.9910916000003,2,7.5,1,,218.8709677419315,255.0,0.0,255.0,346035.0,88.95280243846867,0.6852366854225456,2.000959138100274
ID6868,6868,0,1.0127272605895996,297.12488830500274,111.11997031764005,0.0,0.0,0,7.5,1,,211.77419354838332,255.0,0.0,255.0,334815.0,95.7073876065276,0.40542277606265215,1.2766114223422378
ID7668,7668,0,1.2561687231063843,294.43276317367855,113.03564053916195,0.0,23406.4420954,13,7.5,1,,158.8709677419332,255.0,0.0,255.0,251175.0,123.61948987456456,0.7368490448437225,1.0904456900446942
ID7414,7414,0,1.0948420763015747,294.1215168087505,111.85018707408953,0.0,19805.4510038,11,7.5,1,,190.6451612903194,255.0,0.0,255.0,301410.0,110.80028771007714,0.5032031733186593,1.151968442238185
ID7352,7352,0,1.1060858964920044,295.8801065483184,112.1156512497264,0.0,16204.459912200002,9,7.5,1,,200.80645161289976,255.0,0.0,255.0,317475.0,104.3518172137817,0.501190838753573,1.2849163629590137
ID7480,7480,0,1.1508464813232422,293.6498182571416,111.8967697415641,0.0,21605.9465496,12,7.5,1,,173.22580645161023,255.0,0.0,255.0,273870.0,119.05614670306552,0.6061232013624054,1.0981781988431167
ID7609,7609,0,1.1570864915847778,296.16566370255947,112.26542747904152,0.0,14403.964366400001,8,7.5,1,,213.54838709677037,255.0,0.0,255.0,337620.0,94.1144386492887,0.5392543699018182,1.589839609952602
ID7545,7545,0,1.0788004398345947,295.2502899957295,113.73767973735784,0.0,18004.955458,10,7.5,1,,211.93548387096396,255.0,0.0,255.0,335070.0,95.56503325939698,0.4686787056699328,1.4154126733795305
ID7294,7294,0,1.1754392385482788,295.83359871094666,112.9419974751447,0.0,9002.477729,5,7.5,1,,208.38709677418987,255.0,0.0,255.0,329460.0,98.58841401354015,0.5533517863362174,1.5059357202215315
ID7296,7296,1,1.3203129768371582,314.8114471733581,115.43538163279561,0.0,9002.477729,5,7.5,1,,165.9677419354814,255.0,0.0,255.0,262395.0,121.59701902064667,0.848446658603217,1.2529922184295128
ID7236,7236,1,1.3529423475265503,317.42994998594867,116.89770754391346,0.0,5401.4866374,3,7.5,1,,173.22580645161023,255.0,0.0,255.0,273870.0,119.05614670306552,0.8709379941563928,1.3546235062044962
ID7113,7113,1,1.253650426864624,314.6428972524829,114.00591386098397,0.0,7201.982183200001,4,7.5,1,,160.64516129032026,255.0,0.0,255.0,253980.0,123.15535608051766,0.7903600924488957,1.1516723891488598
ID7177,7177,1,1.3158904314041138,315.1515454570785,114.58496528100494,0.0,12603.468820600001,7,7.5,1,,162.25806451612667,255.0,0.0,255.0,256530.0,122.70962098415042,0.8732642049202625,1.2328331293626131
ID6988,6988,1,1.2456191778182983,318.7065028736514,112.94810915577945,0.0,1800.4955458000002,1,7.5,1,,181.1290322580616,255.0,0.0,255.0,286365.0,115.70931408255304,0.6819735512750227,1.269398886123681
ID7055,7055,1,1.3158321380615234,314.9213160347096,115.46920447066694,0.0,10802.9732748,6,7.5,1,,161.12903225806218,255.0,0.0,255.0,254745.0,123.02402687377997,0.8699479751610334,1.2186461298732636
ID6930,6930,1,1.3291492462158203,318.4302611259857,113.54979907397416,0.0,3600.9910916000003,2,7.5,1,,177.9032258064488,255.0,0.0,255.0,281265.0,117.15137938632745,0.8113845877402386,1.360449727217805
ID7667,7667,1,1.2830256223678589,314.84725570111476,110.61081366897717,0.0,23406.4420954,13,7.5,1,,144.19354838709492,255.0,0.0,255.0,227970.0,126.44242892228763,0.9672383501059042,1.1213973371451251
ID6869,6869,1,1.3899458646774292,318.97014835176554,113.40943062099598,0.0,0.0,0,7.5,1,,180.6451612903197,255.0,0.0,255.0,285600.0,115.93249327578934,0.9024542772277138,1.478298487414186
ID7413,7413,1,1.3199375867843628,314.4177588972997,111.55816438163001,0.0,19805.4510038,11,7.5,1,,159.1935483870945,255.0,0.0,255.0,251685.0,123.53712805866941,0.9654116797697233,1.2659512272787776
ID7479,7479,1,1.3254802227020264,314.6219556042767,111.0853589628593,0.0,21605.9465496,12,7.5,1,,155.96774193548168,255.0,0.0,255.0,246585.0,124.32060776766457,0.9647089291843881,1.2320256084574364
ID7544,7544,1,1.2999101877212524,314.53549479149683,112.80045072052575,0.0,18004.955458,10,7.5,1,,159.51612903225578,255.0,0.0,255.0,252195.0,123.45386787320521,0.876259612186196,1.2068957597431176
ID7353,7353,1,1.3247194290161133,314.82655544303134,113.07587922496997,0.0,16204.459912200002,9,7.5,1,,161.45161290322346,255.0,0.0,255.0,255255.0,122.93533740354151,0.9042423461738428,1.247263659587018
ID7610,7610,1,1.3181939125061035,315.26330283696313,113.65976752190721,0.0,14403.964366400001,8,7.5,1,,163.87096774193307,255.0,0.0,255.0,259080.0,122.24096787172194,0.8861518296113118,1.2596408128749128
ID7297,7297,2,1.10442316532135,284.4851515336036,127.16559016516854,0.0,9002.477729,5,7.5,1,,243.0645161290276,255.0,0.0,255.0,384285.0,53.878833937148265,0.4707023407712053,2.8877190964301387
ID7238,7238,2,1.1698684692382812,284.63958444796367,127.75854571043752,0.0,5401.4866374,3,7.5,1,,249.99999999999514,255.0,0.0,255.0,395250.0,35.36652568800701,0.5287165636096834,4.889602463261251
ID7116,7116,2,1.0800453424453735,285.5109103529618,125.38754239608372,0.0,7201.982183200001,4,7.5,1,,250.48387096773706,255.0,0.0,255.0,396015.0,33.644218555664544,0.46619919930778786,4.734540780486555
ID7180,7180,2,1.1222506761550903,285.5948756281452,127.13569249981796,0.0,12603.468820600001,7,7.5,1,,231.6129032258021,255.0,0.0,255.0,366180.0,73.62188334197282,0.5084673107632521,2.1208646684924752
ID6992,6992,2,1.00858473777771,288.571359249143,126.8099317964989,0.0,1800.4955458000002,1,7.5,1,,206.29032258064154,255.0,0.0,255.0,326145.0,100.2731009462475,0.41546371415490274,1.2076991583806422
ID7056,7056,2,1.1089913845062256,284.75045683457955,128.17062049490025,0.0,10802.9732748,6,7.5,1,,240.48387096773735,255.0,0.0,255.0,380205.0,59.10249003465848,0.4907063709536065,2.678796730451611
ID6935,6935,2,1.1697746515274048,287.3422613106186,130.25177445872376,0.0,3600.9910916000003,2,7.5,1,,226.12903225806033,255.0,0.0,255.0,357510.0,80.82509510273873,0.547948842520239,1.9807219099324094
ID7672,7672,2,1.2116743326187134,309.96753985000475,131.84150629382617,0.0,23406.4420954,13,7.5,1,,147.2580645161271,255.0,0.0,255.0,232815.0,125.99964514134506,0.6433325349356135,0.9150605309637916
ID7418,7418,2,1.0632305145263672,297.6733548512273,128.6817893731387,0.0,19805.4510038,11,7.5,1,,181.1290322580616,255.0,0.0,255.0,286365.0,115.70931408255304,0.42317829836227766,0.9309231245412053
ID7356,7356,2,1.1942468881607056,285.64195157593235,127.75951988751717,0.0,16204.459912200002,9,7.5,1,,233.5483870967698,255.0,0.0,255.0,369240.0,70.80367556605,0.5654179272310199,2.3828150569588677
ID7484,7484,2,1.1942389011383057,302.64349285218674,130.94168677205272,0.0,21605.9465496,12,7.5,1,,185.4838709677389,255.0,0.0,255.0,293250.0,113.5882104070953,0.583612925356682,1.2035905056129115
ID7613,7613,2,1.163399577140808,286.2896231528036,127.253060383737,0.0,14403.964366400001,8,7.5,1,,229.9999999999957,255.0,0.0,255.0,363630.0,75.85274708608875,0.5378215194570036,2.120893002800904
ID7549,7549,2,1.0417370796203613,288.417563107055,129.0721166740466,0.0,18004.955458,10,7.5,1,,232.09677419354404,255.0,0.0,255.0,366945.0,72.93236069416241,0.4275082386100695,1.9060956670209883
ID7299,7299,3,1.1062464714050293,297.50451246640233,146.9145491241522,0.0,9002.477729,5,7.5,1,,187.74193548386788,255.0,0.0,255.0,296820.0,112.40618791719002,0.5482882739405833,1.1829276959461452
ID7240,7240,3,1.2086961269378662,295.6481411189144,148.21811702726785,0.0,5401.4866374,3,7.5,1,,177.0967741935456,255.0,0.0,255.0,279990.0,117.4952845634701,0.603463975694013,1.1345205091696844
ID7118,7118,3,1.258426308631897,296.5642760268833,145.82046105249978,0.0,7201.982183200001,4,7.5,1,,191.93548387096453,255.0,0.0,255.0,303450.0,110.05443825370341,0.6512533817108567,1.375669084841972
ID7182,7182,3,1.0729069709777832,294.3090007877886,147.28388913524938,0.0,12603.468820600001,7,7.5,1,,162.09677419354603,255.0,0.0,255.0,256275.0,122.75522158465195,0.5949485999765104,0.9851381745715879
ID7058,7058,3,1.1462699174880981,297.0043108955484,147.48692281768732,0.0,10802.9732748,6,7.5,1,,178.87096774193265,255.0,0.0,255.0,282795.0,116.72999700547795,0.5834480895195843,1.1292387422944996
ID6995,6995,3,1.2253514528274536,296.82370479812687,147.26126038067068,0.0,1800.4955458000002,1,7.5,1,,234.354838709673,255.0,0.0,255.0,370515.0,69.57985092948726,0.569588772479159,2.4445333303604277
ID6937,6937,3,1.1520012617111206,298.946914600255,148.80467942266503,0.0,3600.9910916000003,2,7.5,1,,221.6129032258024,255.0,0.0,255.0,350370.0,86.04472305171916,0.5064178438551981,1.73166686250967
ID6874,6874,3,1.1374447345733643,295.3977026612632,146.3171566563441,0.0,0.0,0,7.5,1,,231.1290322580602,255.0,0.0,255.0,365415.0,74.30185474549128,0.4811753957994226,2.021071903478523
ID7674,7674,3,1.3262121677398682,309.78618263915826,151.23051688702282,0.0,23406.4420954,13,7.5,1,,169.03225806451357,255.0,0.0,255.0,267240.0,120.58407265892069,0.8343367920494572,1.275181370197928
ID7421,7421,3,1.250363826751709,295.7582585000068,148.49328576945413,0.0,19805.4510038,11,7.5,1,,154.35483870967528,255.0,0.0,255.0,244035.0,124.67918815571225,0.7583610019916461,1.0678843620261695
ID7358,7358,3,1.1912306547164917,292.85463605614274,147.37922326175365,0.0,16204.459912200002,9,7.5,1,,166.12903225806204,255.0,0.0,255.0,262650.0,121.54584402972435,0.7063685158702117,1.1316025604152913
ID7551,7551,3,1.238288402557373,294.2637922469968,147.69329693127165,0.0,18004.955458,10,7.5,1,,171.61290322580382,255.0,0.0,255.0,271320.0,119.66352377399114,0.7008111525591839,1.1818518957016335
ID7487,7487,3,1.262876272201538,301.8650914558697,149.4473331549863,0.0,21605.9465496,12,7.5,1,,174.99999999999727,255.0,0.0,255.0,276675.0,118.35903328218446,0.7177158011146959,1.2355713572066171
ID6881,6881,4,1.2963980436325073,293.89687062469557,208.43930398054064,0.0,0.0,0,7.5,1,,254.999999999995,255.0,255.0,255.0,403155.0,5.003803590643346E-12,0.5908685571606856,3.785528351705045E13
ID7427,7427,4,1.4570099115371704,299.1898819617726,210.97900739654108,0.0,19805.4510038,11,7.5,1,,192.90322580644838,255.0,0.0,255.0,304980.0,109.48173130521891,0.890193471480336,1.6596097414005835
ID7620,7620,4,1.4752302169799805,297.8677967297042,211.9504674477371,0.0,14403.964366400001,8,7.5,1,,205.64516129031898,255.0,0.0,255.0,325125.0,100.77701897805825,0.8724547630043222,1.9015973651533695
ID7364,7364,4,1.4748132228851318,297.69704371283706,211.8526302288579,0.0,16204.459912200002,9,7.5,1,,204.5161290322545,255.0,0.0,255.0,323340.0,101.64300532171016,0.8678860556741186,1.8697881058706731
ID7557,7557,4,1.4772628545761108,298.5937937282406,211.37993681859388,0.0,18004.955458,10,7.5,1,,203.54838709677065,255.0,0.0,255.0,321810.0,102.36953273877883,0.8821073039782241,1.8638200448139184
ID7493,7493,4,1.4042468070983887,299.24748896242033,211.1825156776912,0.0,21605.9465496,12,7.5,1,,179.5161290322552,255.0,0.0,255.0,283815.0,116.44375737709116,0.8904199422589374,1.4522916749259156
ID7305,7305,4,1.3957148790359497,296.1833951466529,210.12112329589485,0.0,9002.477729,5,7.5,1,,254.999999999995,255.0,255.0,255.0,403155.0,5.003803590643346E-12,0.6865191907732979,4.148884227298838E13
ID7246,7246,4,1.2915407419204712,294.18890628941966,209.934869054253,0.0,5401.4866374,3,7.5,1,,254.999999999995,255.0,255.0,255.0,403155.0,5.003803590643346E-12,0.5880363183193813,3.774102066309015E13
ID7188,7188,4,1.5094034671783447,297.70057969053903,211.84232937880367,0.0,12603.468820600001,7,7.5,1,,223.54838709677009,255.0,0.0,255.0,353430.0,83.87733489510398,0.862345067816086,2.468185770980636
ID7125,7125,4,1.4830939769744873,294.75378465115796,207.99020564633796,0.0,7201.982183200001,4,7.5,1,,248.54838709676937,255.0,0.0,255.0,392955.0,40.056870555822215,0.7922146466529746,5.485506994182144
ID7064,7064,4,1.5080444812774658,297.15671303940894,211.46239430141227,0.0,10802.9732748,6,7.5,1,,242.90322580644695,255.0,0.0,255.0,384030.0,54.223658911861975,0.8259346628037102,4.052610993426754
ID7002,7002,4,1.272040843963623,293.8059740661039,210.29902882738745,0.0,1800.4955458000002,1,7.5,1,,254.999999999995,255.0,255.0,255.0,403155.0,5.003803590643346E-12,0.571529245947844,3.7066869824724305E13
ID6942,6942,4,1.2710484266281128,294.41417935745477,210.6690083786603,0.0,3600.9910916000003,2,7.5,1,,254.999999999995,255.0,255.0,255.0,403155.0,5.003803590643346E-12,0.5712524220538951,3.7055443539328266E13
ID7679,7679,4,1.41555655002594,299.01260618931633,211.9186281667277,0.0,23406.4420954,13,7.5,1,,181.1290322580616,255.0,0.0,255.0,286365.0,115.70931408255304,0.893603740492906,1.4774255950670714
ID6944,6944,5,1.5063344240188599,282.9368839774151,240.4635736014459,0.0,3600.9910916000003,2,7.5,1,,217.41935483870574,255.0,0.0,255.0,343740.0,90.42085485241479,0.9076932449772981,2.288179820951814
ID7681,7681,5,1.363004207611084,281.8411112828506,233.61091429516898,0.0,23406.4420954,13,7.5,1,,144.99999999999812,255.0,0.0,255.0,229245.0,126.33326931853178,0.9804769743138227,1.136443539988626
ID6883,6883,5,1.4766961336135864,283.6344966153447,239.1144109064732,0.0,0.0,0,7.5,1,,226.45161290322162,255.0,0.0,255.0,358020.0,80.42959633949073,0.8517889279296478,2.590180517156843
ID7429,7429,5,1.397214651107788,281.7406824445766,233.03034388126576,0.0,19805.4510038,11,7.5,1,,155.16129032257848,255.0,0.0,255.0,245310.0,124.50264058754621,0.9730987485217919,1.2292576185397746
ID7622,7622,5,1.3779151439666748,281.78455867732407,234.70262270599207,0.0,14403.964366400001,8,7.5,1,,150.64516129032054,255.0,0.0,255.0,238170.0,125.42129494224703,0.9841856359885978,1.191539990983155
ID7366,7366,5,1.39411199092865,281.6145430148222,233.45912719847001,0.0,16204.459912200002,9,7.5,1,,157.5806451612881,255.0,0.0,255.0,249135.0,123.93998896909191,0.9813091931251511,1.2594328866288098
ID7559,7559,5,1.4080935716629028,281.7569078134957,233.44638139936941,0.0,18004.955458,10,7.5,1,,160.32258064515898,255.0,0.0,255.0,253470.0,123.24177504553657,0.974648542277818,1.2841772574482668
ID7495,7495,5,1.3930768966674805,281.7452542235389,232.9488138528368,0.0,21605.9465496,12,7.5,1,,154.032258064514,255.0,0.0,255.0,243525.0,124.74827655347366,0.9664240242325411,1.2136617627464035
ID7307,7307,5,1.452852725982666,282.3092683546767,238.0651225370791,0.0,9002.477729,5,7.5,1,,171.61290322580382,255.0,0.0,255.0,271320.0,119.66352377399114,0.9769474720227461,1.4174058794216768
ID7248,7248,5,1.4999417066574097,282.40859806418126,238.8346209526409,0.0,5401.4866374,3,7.5,1,,197.7419354838676,255.0,0.0,255.0,312630.0,106.44006071546762,0.9575497155213376,1.8174906852888244
ID7190,7190,5,1.42020583152771,282.6820693536407,236.72619393829166,0.0,12603.468820600001,7,7.5,1,,159.03225806451385,255.0,0.0,255.0,251430.0,123.57842115008904,0.9828907830992824,1.2757895697956425
ID7127,7127,5,1.4836242198944092,282.5970206955612,238.26446521568297,0.0,7201.982183200001,4,7.5,1,,183.70967741935186,255.0,0.0,255.0,290445.0,114.47712098525511,0.9748011618032398,1.5842947958057458
ID7066,7066,5,1.4375613927841187,282.6941077625059,237.69273109863644,0.0,10802.9732748,6,7.5,1,,165.80645161290076,255.0,0.0,255.0,262140.0,121.64795849684741,0.9801979342777345,1.3493722532817998
ID7004,7004,5,1.5001156330108643,282.9464444796511,240.20488738658975,0.0,1800.4955458000002,1,7.5,1,,227.09677419354418,255.0,0.0,255.0,359040.0,79.6287834923655,0.8806808890922717,2.6710027846282123
ID6945,6945,6,1.4719207286834717,271.1430476543515,258.8756693051541,0.0,3600.9910916000003,2,7.5,1,,246.77419354838233,255.0,0.0,255.0,390150.0,45.06885300094218,0.8043531030018575,4.881782680605396
ID7682,7682,6,1.1529706716537476,278.91608867155037,256.30977859459546,0.0,23406.4420954,13,7.5,1,,149.51612903225606,255.0,0.0,255.0,236385.0,125.62452805808121,0.6640223714618931,0.9498765095452634
ID6884,6884,6,1.4499075412750244,269.0677286678898,254.8438954075053,0.0,0.0,0,7.5,1,,251.93548387096283,255.0,0.0,255.0,398310.0,27.794765686936778,0.7744845820364,7.912192861355568
ID7430,7430,6,1.3424533605575562,275.8070182390344,255.15411347759112,0.0,19805.4510038,11,7.5,1,,175.80645161290047,255.0,0.0,255.0,277950.0,118.0319812223057,0.787783869161608,1.312674886312108
ID7623,7623,6,1.4243413209915161,271.5920036371925,256.64526070746257,0.0,14403.964366400001,8,7.5,1,,176.61290322580368,255.0,0.0,255.0,279225.0,117.69849137255552,0.8921897048328176,1.4150574150484048
ID7367,7367,6,1.4018555879592896,272.4378715372058,256.26652448401234,0.0,16204.459912200002,9,7.5,1,,180.48387096773905,255.0,0.0,255.0,285345.0,116.0063421408735,0.8543189565039024,1.4335810930791701
ID7560,7560,6,1.3655909299850464,273.9959955134514,255.50071647578397,0.0,18004.955458,10,7.5,1,,175.80645161290047,255.0,0.0,255.0,277950.0,118.0319812223057,0.8238376336556432,1.3456141993391342
ID7496,7496,6,1.2343229055404663,277.24081174322095,255.23605657547355,0.0,21605.9465496,12,7.5,1,,167.74193548386845,255.0,0.0,255.0,265200.0,121.02107440095689,0.7132712218341575,1.1540887917254117
ID7308,7308,6,1.5098907947540283,266.7785692073645,255.95570942413468,0.0,9002.477729,5,7.5,1,,191.93548387096453,255.0,0.0,255.0,303450.0,110.05443825370341,0.9805309116976293,1.7268609570511422
ID7249,7249,6,1.539368987083435,267.7599585045458,255.26066169743558,0.0,5401.4866374,3,7.5,1,,226.93548387096354,255.0,0.0,255.0,358785.0,79.83022895675123,0.9451134573574776,2.7625111353055565
ID7191,7191,6,1.446470856666565,269.92682015010786,257.2371590534698,0.0,12603.468820600001,7,7.5,1,,176.77419354838432,255.0,0.0,255.0,279480.0,117.6310160680482,0.956340378476237,1.469247925086617
ID7128,7128,6,1.5320450067520142,267.23022031257005,255.88459515824147,0.0,7201.982183200001,4,7.5,1,,204.19354838709322,255.0,0.0,255.0,322830.0,101.88677872947768,0.9773003166945677,1.9811145322342703
ID7067,7067,6,1.4847443103790283,267.9952428991962,256.7737882975791,0.0,10802.9732748,6,7.5,1,,183.54838709677122,255.0,0.0,255.0,290190.0,114.55622561909703,0.9894648688831453,1.5937712072469374
ID7005,7005,6,1.4520978927612305,269.9465228770979,257.76446408866076,0.0,1800.4955458000002,1,7.5,1,,252.2580645161241,255.0,0.0,255.0,398820.0,26.308042637011834,0.7697573010252236,8.341163266824653
ID6885,6885,7,1.1730704307556152,286.99850552605506,268.66199783472723,0.0,0.0,0,7.5,1,,118.06451612903115,0.0,0.0,255.0,186660.0,127.19062097058543,0.7702500902823622,0.8077769051668882
ID7685,7685,7,1.0800994634628296,265.7919363769132,283.36527906798693,0.0,23406.4420954,13,7.5,1,,105.64516129032182,0.0,0.0,255.0,167025.0,125.65270586347282,0.6845590639403543,0.6833330765901136
ID7624,7624,7,1.101567268371582,266.2887640034666,283.14554265567205,0.0,14403.964366400001,8,7.5,1,,108.87096774193463,0.0,0.0,255.0,172125.0,126.17162231202221,0.7053521887902177,0.7137930699077755
ID7368,7368,7,1.098867416381836,266.21039327464734,283.008067751966,0.0,16204.459912200002,9,7.5,1,,108.87096774193463,0.0,0.0,255.0,172125.0,126.17162231202221,0.7099464012316367,0.7165119802385462
ID7432,7432,7,1.0768420696258545,266.09199735836717,283.0949729170412,0.0,19805.4510038,11,7.5,1,,107.25806451612823,0.0,0.0,255.0,169575.0,125.92276794582237,0.650676474590494,0.6715198164897077
ID7562,7562,7,1.0945242643356323,266.3369641453368,283.373165174894,0.0,18004.955458,10,7.5,1,,108.54838709677335,0.0,0.0,255.0,171615.0,126.12354187634908,0.6901892240709395,0.7028943589067599
ID7498,7498,7,1.0767252445220947,265.8990027736987,283.2522536621867,0.0,21605.9465496,12,7.5,1,,106.77419354838631,0.0,0.0,255.0,168810.0,125.8439821363515,0.6730125496340201,0.6826338296780109
ID7309,7309,7,1.0389481782913208,265.767893391551,283.55464188938265,0.0,9002.477729,5,7.5,1,,111.9354838709668,0.0,0.0,255.0,176970.0,126.58645771990317,0.5356450399782466,0.6168744401669284
ID7250,7250,7,1.0358003377914429,264.45094817243785,285.1978871444136,0.0,5401.4866374,3,7.5,1,,169.1935483870942,255.0,0.0,255.0,267495.0,120.52836415527337,0.4637948145468958,0.8895496978091773
ID7192,7192,7,1.0978602170944214,265.9991093442989,283.4486980802192,0.0,12603.468820600001,7,7.5,1,,109.5161290322572,0.0,0.0,255.0,173145.0,126.26525434528591,0.6835802640722703,0.7043360412343073
ID7129,7129,7,1.0157153606414795,265.22069645847336,282.85511865710714,0.0,7201.982183200001,4,7.5,1,,114.51612903225706,0.0,0.0,255.0,181050.0,126.87730752084904,0.4925313338019946,0.5956938388303116
ID7068,7068,7,1.069624662399292,265.80814185976647,283.3142716103266,0.0,10802.9732748,6,7.5,1,,109.99999999999912,0.0,0.0,255.0,173910.0,126.33326931853239,0.6243016181765485,0.6693183461807826
ID7006,7006,7,1.1144661903381348,288.59968824411317,271.47694786463904,0.0,1800.4955458000002,1,7.5,1,,110.16129032257976,0.0,0.0,255.0,174165.0,126.35552081271656,0.7407105919637733,0.7419707258887918
ID7008,7008,9,1.3502764701843262,260.18299052334754,291.44340373747036,0.0,1800.4955458000002,1,7.5,1,,251.29032258064026,255.0,0.0,255.0,397290.0,30.54170982770436,0.6641498105562291,6.56728775669788
ID6947,6947,9,1.3303059339523315,260.11091190441374,292.21189592531823,0.0,3600.9910916000003,2,7.5,1,,247.4193548387049,255.0,0.0,255.0,391170.0,43.32188156834489,0.6506092521010011,4.502278074454826
ID7686,7686,9,1.173444151878357,251.65449330578872,290.1282951850787,0.0,23406.4420954,13,7.5,1,,145.96774193548197,255.0,0.0,255.0,230775.0,126.19534624721888,0.7273346438589249,0.9740950500190354
ID6887,6887,9,1.3324495553970337,260.06419889418214,291.9744955601863,0.0,0.0,0,7.5,1,,250.16129032257578,255.0,0.0,255.0,395505.0,34.80264313190707,0.6478588133561249,5.651949175172458
ID7625,7625,9,1.2602862119674683,252.0594920190497,290.77082778683655,0.0,14403.964366400001,8,7.5,1,,163.5483870967718,255.0,0.0,255.0,258570.0,122.33654439257104,0.7302277962631141,1.128431310384102
ID7369,7369,9,1.2426040172576904,252.0853919321333,290.3858180427601,0.0,16204.459912200002,9,7.5,1,,158.54838709677193,255.0,0.0,255.0,250665.0,123.70095511533879,0.726116279710695,1.0783379667501516
ID7433,7433,9,1.2139112949371338,252.01141071938218,289.82771504609843,0.0,19805.4510038,11,7.5,1,,158.3870967741913,255.0,0.0,255.0,250410.0,123.74135207418635,0.7178488255222726,1.069751708416754
ID7563,7563,9,1.2314493656158447,252.10947549651402,290.375306928847,0.0,18004.955458,10,7.5,1,,159.67741935483642,255.0,0.0,255.0,252450.0,123.41190032444214,0.7176938926633849,1.0812097169028718
ID7499,7499,9,1.2021222114562988,251.77468025288198,289.90806292199517,0.0,21605.9465496,12,7.5,1,,157.41935483870745,255.0,0.0,255.0,248880.0,123.9790482701132,0.7020364801421352,1.0474435857230775
ID7311,7311,9,1.3569581508636475,253.8298028680082,291.7287099120546,0.0,9002.477729,5,7.5,1,,186.45161290322275,255.0,0.0,255.0,294780.0,113.08866676025417,0.771324609485648,1.4358731935957543
ID7252,7252,9,1.3399221897125244,258.9544519218916,292.72990403717773,0.0,5401.4866374,3,7.5,1,,237.25806451612453,255.0,0.0,255.0,375105.0,64.90055055098416,0.6703356464051435,2.934209798153712
ID7193,7193,9,1.2796663045883179,252.55999119427366,291.74712862554935,0.0,12603.468820600001,7,7.5,1,,160.16129032257834,255.0,0.0,255.0,253215.0,123.28464509338346,0.7594411778552035,1.1214965834153057
ID7131,7131,9,1.379235029220581,255.3160922858446,292.78037888763265,0.0,7201.982183200001,4,7.5,1,,204.35483870967386,255.0,0.0,255.0,323085.0,101.76509291688227,0.77458949337954,1.7530317566971896
ID7070,7070,9,1.327727198600769,253.03601271854302,291.87306759280943,0.0,10802.9732748,6,7.5,1,,172.7419354838683,255.0,0.0,255.0,273105.0,119.24097691542799,0.7786471191461857,1.268390963817791
ID7072,7072,10,1.1995368003845215,267.019387957775,309.4445724033949,0.0,10802.9732748,6,7.5,1,,139.99999999999827,255.0,0.0,255.0,221340.0,126.92592277946035,0.8588035663783978,1.019220250829255
ID7010,7010,10,1.3955599069595337,274.0735651646774,308.9834756800184,0.0,1800.4955458000002,1,7.5,1,,190.16129032257749,255.0,0.0,255.0,300645.0,111.07482331307443,0.8314958605923982,1.5544996559736686
ID6949,6949,10,1.261554479598999,271.8239509835761,308.76260095792924,0.0,3600.9910916000003,2,7.5,1,,171.29032258064254,255.0,0.0,255.0,270810.0,119.78202180653096,0.7085746348890765,1.1861041642552377
ID7687,7687,10,1.2434067726135254,266.3871384159961,309.9566803241059,0.0,23406.4420954,13,7.5,1,,133.387096774192,255.0,0.0,255.0,210885.0,127.4043128077235,0.9662869236551285,1.0290083464941338
ID6889,6889,10,1.4258321523666382,273.9980654147637,308.62034452029366,0.0,0.0,0,7.5,1,,197.25806451612567,255.0,0.0,255.0,311865.0,106.75800361208798,0.8390227176409043,1.6859742809226521
ID7626,7626,10,1.2183281183242798,266.5017482441654,309.25751114577,0.0,14403.964366400001,8,7.5,1,,145.6451612903207,255.0,0.0,255.0,230265.0,126.24216214668748,0.9100234758483309,1.0993488418075
ID7370,7370,10,1.2190804481506348,266.06872187596554,309.18420132727096,0.0,16204.459912200002,9,7.5,1,,142.58064516128852,255.0,0.0,255.0,225420.0,126.64505109527653,0.9438763536393193,1.0933238372565328
ID7434,7434,10,1.2613846063613892,266.7092320458483,309.7065901016429,0.0,19805.4510038,11,7.5,1,,143.709677419353,255.0,0.0,255.0,227205.0,126.50541025588561,0.9640556261500431,1.1152063164013177
ID7564,7564,10,1.246159553527832,266.5058234649214,309.6941130770587,0.0,18004.955458,10,7.5,1,,144.99999999999812,255.0,0.0,255.0,229245.0,126.33326931853178,0.9567914309056244,1.1224138110484623
ID7500,7500,10,1.2559870481491089,266.34002118749953,309.93138013545666,0.0,21605.9465496,12,7.5,1,,143.54838709677236,255.0,0.0,255.0,226950.0,126.52598559436419,0.9632480790522157,1.1132983213221064
ID7313,7313,10,1.237562656402588,267.58222246134665,309.51231307757,0.0,9002.477729,5,7.5,1,,144.83870967741748,255.0,0.0,255.0,228990.0,126.35552081271425,0.8604612272295459,1.0603057160948755
ID7254,7254,10,1.1883697509765625,270.08435749402366,308.9089218477653,0.0,5401.4866374,3,7.5,1,,155.48387096773976,255.0,0.0,255.0,245820.0,124.43048702166554,0.6774037742209114,1.0092494822282647
ID7195,7195,10,1.190634846687317,266.58941766779907,309.4389041778667,0.0,12603.468820600001,7,7.5,1,,141.12903225806275,255.0,0.0,255.0,223125.0,126.8095843456304,0.8753976660009252,1.0389778605740925
ID7133,7133,10,1.2578266859054565,268.74170785378476,309.8540137512956,0.0,7201.982183200001,4,7.5,1,,154.99999999999784,255.0,0.0,255.0,245055.0,124.53838816438132,0.8182415949395364,1.1201815555620234
ID7074,7074,11,1.3547908067703247,283.4347309627629,345.70597648745934,0.0,10802.9732748,6,7.5,1,,170.96774193548126,255.0,0.0,255.0,270300.0,119.89953430204781,0.9240732593457506,1.3696559050052626
ID7012,7012,11,1.531154751777649,276.05743308139756,347.29095738963196,0.0,1800.4955458000002,1,7.5,1,,230.48387096773763,255.0,0.0,255.0,364395.0,75.19407311812772,0.8766353984398499,2.8636901386892104
ID6951,6951,11,1.5250155925750732,280.49458077428187,347.0030947682106,0.0,3600.9910916000003,2,7.5,1,,225.9677419354797,255.0,0.0,255.0,357255.0,81.021638596023,0.8841538735011045,2.617501297832823
ID7689,7689,11,1.4935446977615356,284.61206350725786,347.06190150531995,0.0,23406.4420954,13,7.5,1,,184.999999999997,255.0,0.0,255.0,292485.0,113.83407311754803,0.9767845805531927,1.6060863786477568
ID6891,6891,11,1.5200985670089722,271.62010837452493,350.4382897387712,0.0,0.0,0,7.5,1,,225.32258064515713,255.0,0.0,255.0,356235.0,81.79990825050757,0.8704299294245615,2.5637417050432574
ID7628,7628,11,1.319129467010498,285.4377865462423,345.13412546827516,0.0,14403.964366400001,8,7.5,1,,172.58064516128766,255.0,0.0,255.0,272850.0,119.30208696526496,0.8981282423838395,1.3689476645138077
ID7372,7372,11,1.3178178071975708,284.92433426314784,344.90074883985966,0.0,16204.459912200002,9,7.5,1,,173.06451612902958,255.0,0.0,255.0,273615.0,119.11800717147513,0.9152148882806644,1.3885648784683475
ID7436,7436,11,1.313425064086914,285.5283465106984,345.323114128907,0.0,19805.4510038,11,7.5,1,,177.25806451612624,255.0,0.0,255.0,280245.0,117.42702746078662,0.9024323883220351,1.4321000963546986
ID7566,7566,11,1.3176366090774536,284.87929388234835,345.235814468103,0.0,18004.955458,10,7.5,1,,174.677419354836,255.0,0.0,255.0,276165.0,118.48806350145058,0.9189734708824494,1.411972260097501
ID7503,7503,11,1.421557068824768,285.2735063982921,345.679174236781,0.0,21605.9465496,12,7.5,1,,190.9677419354807,255.0,0.0,255.0,301920.0,110.61570880624299,0.9379181684782589,1.6711010662579935
ID7315,7315,11,1.3941736221313477,282.4892305917128,344.81603277356237,0.0,9002.477729,5,7.5,1,,178.709677419352,255.0,0.0,255.0,282540.0,116.8008901418707,0.8962588672246945,1.446331199912634
ID7256,7256,11,1.5005096197128296,282.14797520022756,344.0573905262119,0.0,5401.4866374,3,7.5,1,,212.74193548386717,255.0,0.0,255.0,336345.0,94.84594007071,0.8878712789071986,2.1098033833653576
ID7197,7197,11,1.3217952251434326,284.17073778226853,345.77449318836983,0.0,12603.468820600001,7,7.5,1,,167.25806451612652,255.0,0.0,255.0,264435.0,121.18099944454354,0.9117755564534534,1.316538528168075
ID7135,7135,11,1.4647525548934937,281.31897575364087,343.84390091638505,0.0,7201.982183200001,4,7.5,1,,189.19354838709364,255.0,0.0,255.0,299115.0,111.61557209024683,0.9132705399608303,1.6182089274890685
ID7137,7137,12,1.2572684288024902,239.89561571572813,393.12177724279496,0.0,7201.982183200001,4,7.5,1,,134.83870967741777,255.0,0.0,255.0,213180.0,127.32889703283934,0.8924711971889236,0.998809207206429
ID7076,7076,12,1.267721176147461,240.31836916936277,389.4704488958793,0.0,10802.9732748,6,7.5,1,,133.70967741935328,255.0,0.0,255.0,211395.0,127.38898801327895,0.9451054084950724,1.0199950313202266
ID7014,7014,12,1.2342230081558228,241.31563174751915,392.5950774089112,0.0,1800.4955458000002,1,7.5,1,,166.45161290322332,255.0,0.0,255.0,263160.0,121.44278631142066,0.6983902686612398,1.1272155392731715
ID6953,6953,12,1.2605081796646118,240.64656817986162,391.00826206806886,0.0,3600.9910916000003,2,7.5,1,,160.96774193548154,255.0,0.0,255.0,254490.0,123.06803036532007,0.7676869768965726,1.1360629807779936
ID7691,7691,12,1.3325387239456177,240.3477232205457,384.9587435281073,0.0,23406.4420954,13,7.5,1,,130.9677419354824,255.0,0.0,255.0,207060.0,127.4931602902031,1.0,1.0272530827329902
ID6893,6893,12,1.4767348766326904,244.14531755777512,391.86323380997646,0.0,0.0,0,7.5,1,,213.709677419351,255.0,0.0,255.0,337875.0,93.96662396269107,0.8573850740038826,2.0996868491580156
ID7630,7630,12,1.3088366985321045,240.47586964174494,388.66566674890987,0.0,14403.964366400001,8,7.5,1,,133.22580645161136,255.0,0.0,255.0,210630.0,127.41166805434416,0.9506099561081512,1.019156958298167
ID7374,7374,12,1.332391381263733,240.18397234844136,388.48330644287057,0.0,16204.459912200002,9,7.5,1,,136.9354838709661,255.0,0.0,255.0,216495.0,127.1906209705831,0.9834370482117037,1.0676257814994456
ID7439,7439,12,1.3104112148284912,240.35236207338218,386.65024514125327,0.0,19805.4510038,11,7.5,1,,130.1612903225792,255.0,0.0,255.0,205785.0,127.51255552716476,0.9964920688805903,1.0189787996471402
ID7569,7569,12,1.3390426635742188,240.33250069841947,387.7558015479647,0.0,18004.955458,10,7.5,1,,134.1935483870952,255.0,0.0,255.0,212160.0,127.36446450682168,1.0,1.0536184398585349
ID7505,7505,12,1.338173508644104,240.25948296946606,385.5300123262501,0.0,21605.9465496,12,7.5,1,,134.5161290322565,255.0,0.0,255.0,212670.0,127.34709083244438,1.0,1.0562952647991362
ID7317,7317,12,1.2014052867889404,240.09006125695058,392.03512834149416,0.0,9002.477729,5,7.5,1,,128.38709677419214,255.0,0.0,255.0,202980.0,127.53725466338373,0.8607839889636882,0.931349164773698
ID7258,7258,12,1.2400134801864624,240.6836141424997,390.31060016354434,0.0,5401.4866374,3,7.5,1,,153.06451612903015,255.0,0.0,255.0,241995.0,124.9503127053362,0.7734445477518187,1.0685103668743001
ID7199,7199,12,1.3364379405975342,240.25380949024353,388.9243910007428,0.0,12603.468820600001,7,7.5,1,,137.58064516128866,255.0,0.0,255.0,217515.0,127.14108322204616,1.0,1.082110059743712
ID7201,7201,13,1.033475637435913,263.24494954923233,404.45879361043325,0.0,12603.468820600001,7,7.5,1,,88.54838709677392,0.0,0.0,255.0,139995.0,121.44278631141682,0.9099726087022654,0.694768481878107
ID7139,7139,13,1.2634645700454712,262.9293773233856,403.9326536667595,0.0,7201.982183200001,4,7.5,1,,149.03225806451414,255.0,0.0,255.0,235620.0,125.70842130345581,0.891856717001685,1.1177707771013683
ID7078,7078,13,1.2207608222961426,263.67381058867727,404.1424728325554,0.0,10802.9732748,6,7.5,1,,149.03225806451414,255.0,0.0,255.0,235620.0,125.70842130345581,0.7935734896656154,1.0490927364241402
ID7016,7016,13,1.3324147462844849,266.3152841525451,403.1125435239535,0.0,1800.4955458000002,1,7.5,1,,209.19354838709307,255.0,0.0,255.0,330735.0,97.92077905638249,0.6982944011320704,1.7568270280814857
ID6955,6955,13,1.2097376585006714,263.3496165368034,402.11668993137806,0.0,3600.9910916000003,2,7.5,1,,176.2903225806424,255.0,0.0,255.0,278715.0,117.83266332188305,0.6325468511857132,1.1593640212489584
ID7693,7693,13,1.0127758979797363,263.4375471999509,403.54121786769116,0.0,23406.4420954,13,7.5,1,,82.0967741935483,0.0,0.0,255.0,129795.0,119.17961711281619,1.0,0.6888491185186051
ID6895,6895,13,1.4941298961639404,265.6612217729889,399.83448261585704,0.0,0.0,0,7.5,1,,215.32258064515742,255.0,0.0,255.0,340425.0,92.45999984896288,0.8750321803212767,2.1736067933427012
ID7632,7632,13,1.0044413805007935,263.60950482847164,403.9031749956402,0.0,14403.964366400001,8,7.5,1,,85.80645161290303,0.0,0.0,255.0,135660.0,120.52836415526926,0.9096560885418783,0.6782389783971069
ID7441,7441,13,1.0318889617919922,263.64367275714056,403.43082756073767,0.0,19805.4510038,11,7.5,1,,84.83870967741919,0.0,0.0,255.0,134130.0,120.18902272735427,1.0,0.7058773567855164
ID7571,7571,13,1.0215272903442383,263.4638975673012,403.68405357080474,0.0,18004.955458,10,7.5,1,,84.03225806451599,0.0,0.0,255.0,132855.0,119.89953430204518,1.0,0.7008555834155781
ID7507,7507,13,1.0323305130004883,263.5461373126254,403.3464369976448,0.0,21605.9465496,12,7.5,1,,84.99999999999983,0.0,0.0,255.0,134385.0,120.24618733922608,1.0,0.706883119380797
ID7319,7319,13,1.2815977334976196,262.84813255848,404.10541146260925,0.0,9002.477729,5,7.5,1,,152.4193548387076,255.0,0.0,255.0,240975.0,125.08065997015643,0.8948058393845544,1.1509171079284626
ID7260,7260,13,1.1920503377914429,263.36745921840526,402.7677319545366,0.0,5401.4866374,3,7.5,1,,149.03225806451414,255.0,0.0,255.0,235620.0,125.70842130345581,0.7379653603797057,1.0067943405103508
ID7203,7203,14,1.3231775760650635,256.2335758584788,428.2722069050484,0.0,12603.468820600001,7,7.5,1,,157.09677419354617,255.0,0.0,255.0,248370.0,124.05650048414296,0.9209970696662354,1.2142532739020964
ID7141,7141,14,1.406172513961792,253.8713218469647,426.9585270288125,0.0,7201.982183200001,4,7.5,1,,169.67741935483613,255.0,0.0,255.0,268260.0,120.35978628407881,0.9455861043307229,1.3703239990015341
ID7079,7079,14,1.330415964126587,255.50401019334006,427.82485633615374,0.0,10802.9732748,6,7.5,1,,161.77419354838474,255.0,0.0,255.0,255765.0,122.84573630591662,0.9251563814610225,1.2656927342844595
ID7017,7017,14,1.5057404041290283,254.68195081042558,425.48994084139696,0.0,1800.4955458000002,1,7.5,1,,205.96774193548026,255.0,0.0,255.0,325635.0,100.52589361886824,0.9344863765479409,1.979513918742826
ID6956,6956,14,1.5001217126846313,254.27699035508004,426.27638473942113,0.0,3600.9910916000003,2,7.5,1,,191.93548387096453,255.0,0.0,255.0,303450.0,110.05443825370341,0.9648813644659823,1.7128340627469298
ID7695,7695,14,1.3345978260040283,258.898103862884,427.50744938092447,0.0,23406.4420954,13,7.5,1,,141.12903225806275,255.0,0.0,255.0,223125.0,126.8095843456304,0.9548581794847836,1.0872211620252663
ID6896,6896,14,1.5228484869003296,255.06418893693717,423.9117519361264,0.0,0.0,0,7.5,1,,202.74193548386745,255.0,0.0,255.0,320535.0,102.96410431930663,0.9607409043431359,1.929628968823595
ID7377,7377,14,1.3486577272415161,256.9336934763802,427.8302876469718,0.0,16204.459912200002,9,7.5,1,,152.25806451612695,255.0,0.0,255.0,240720.0,125.11270541698764,0.9185885825879089,1.1653277075126873
ID7634,7634,14,1.3230618238449097,256.7700918103973,428.01716824916815,0.0,14403.964366400001,8,7.5,1,,155.96774193548168,255.0,0.0,255.0,246585.0,124.32060776766457,0.920447924322376,1.2025920906294785
ID7443,7443,14,1.3251817226409912,256.7687120586866,426.87717423167913,0.0,19805.4510038,11,7.5,1,,147.58064516128837,255.0,0.0,255.0,233325.0,125.94860557150768,0.9479287415790345,1.140430076577266
ID7573,7573,14,1.3436697721481323,256.7870915163916,427.4672482342024,0.0,18004.955458,10,7.5,1,,158.8709677419332,255.0,0.0,255.0,251175.0,123.61948987456456,0.9488021882159368,1.2513981499418854
ID7509,7509,14,1.384164571762085,257.0451031724825,427.29125864276733,0.0,21605.9465496,12,7.5,1,,158.54838709677193,255.0,0.0,255.0,250665.0,123.70095511533879,0.9514433700719892,1.2498150858095298
ID7320,7320,14,1.3402544260025024,252.92538337654523,427.5141305888139,0.0,9002.477729,5,7.5,1,,162.25806451612667,255.0,0.0,255.0,256530.0,122.70962098415042,0.9040566384239819,1.2556640164948318
ID7261,7261,14,1.4743940830230713,253.90491420799694,426.0000600694705,0.0,5401.4866374,3,7.5,1,,177.9032258064488,255.0,0.0,255.0,281265.0,117.15137938632745,0.9884967939532378,1.5097908257751913
ID7266,7266,15,1.3364201784133911,298.50316522117885,495.7844327379814,0.0,5401.4866374,3,7.5,1,,152.25806451612695,255.0,0.0,255.0,240720.0,125.11270541698764,0.9631407528984978,1.194117892531983
ID7207,7207,15,1.2226678133010864,297.7121797511073,494.62954204667705,0.0,12603.468820600001,7,7.5,1,,132.09677419354688,255.0,0.0,255.0,208845.0,127.4574244962117,0.9452723402045792,1.0072414925060575
ID7146,7146,15,1.3888885974884033,297.30493509646436,491.00510928482555,0.0,7201.982183200001,4,7.5,1,,162.25806451612667,255.0,0.0,255.0,256530.0,122.70962098415042,0.9722021978021975,1.3036554731196994
ID7083,7083,15,1.2507760524749756,297.149051177945,493.59153264524264,0.0,10802.9732748,6,7.5,1,,136.1290322580629,255.0,0.0,255.0,215220.0,127.24791330864453,0.9540404113812995,1.044631971399561
ID7024,7024,15,1.5141327381134033,292.8553343798965,506.00920128933194,0.0,1800.4955458000002,1,7.5,1,,193.70967741935158,255.0,0.0,255.0,306255.0,108.9956094282832,0.9697676197424661,1.7499473992523398
ID6961,6961,15,1.466030240058899,299.8109164974305,498.5218917115921,0.0,3600.9910916000003,2,7.5,1,,182.09677419354546,255.0,0.0,255.0,287895.0,115.2555613681916,0.9684787110794799,1.5546395573800473
ID7700,7700,15,1.2946994304656982,300.53961773061394,496.0157171987203,0.0,23406.4420954,13,7.5,1,,143.709677419353,255.0,0.0,255.0,227205.0,126.50541025588561,0.9904969705712634,1.1305728227381513
ID6903,6903,15,1.5015336275100708,284.85149389631124,514.2279017818211,0.0,0.0,0,7.5,1,,192.09677419354517,255.0,0.0,255.0,303705.0,109.95978607144522,0.9574692483683789,1.7090157601370803
ID7639,7639,15,1.2152612209320068,298.23858692792834,494.2716891711066,0.0,14403.964366400001,8,7.5,1,,133.54838709677264,255.0,0.0,255.0,211140.0,127.39675280618992,0.9401940572336435,1.0159740520657345
ID7383,7383,15,1.1815868616104126,298.3023147679683,494.0941462334057,0.0,16204.459912200002,9,7.5,1,,128.06451612903086,255.0,0.0,255.0,202470.0,127.53909159809447,0.9326969309804886,0.9691528559959748
ID7449,7449,15,1.170324444770813,300.0476361156259,496.19110506650696,0.0,19805.4510038,11,7.5,1,,129.8387096774179,255.0,0.0,255.0,205275.0,127.51888386085685,0.9476822483597296,0.9908418086050046
ID7579,7579,15,1.1859608888626099,299.4873355631494,495.570451352902,0.0,18004.955458,10,7.5,1,,130.32258064515983,255.0,0.0,255.0,206040.0,127.50908501727983,0.9387590409930076,0.9897803650603051
ID7515,7515,15,1.2767963409423828,299.934285312633,496.9413520234021,0.0,21605.9465496,12,7.5,1,,152.25806451612695,255.0,0.0,255.0,240720.0,125.11270541698764,0.9740550804991118,1.2009726984889584
ID7324,7324,15,1.277537226676941,296.2798592838062,491.1449443399272,0.0,9002.477729,5,7.5,1,,140.9677419354821,255.0,0.0,255.0,222870.0,126.82682640304122,0.9688567237055136,1.0939162103353914
ID7267,7267,16,1.4207097291946411,249.9090947397618,506.1292532543802,0.0,5401.4866374,3,7.5,1,,254.999999999995,255.0,255.0,255.0,403155.0,5.003803590643346E-12,0.7039159503342834,4.210586168437407E13
ID7208,7208,16,1.515918254852295,251.45162197917875,506.71892097641,0.0,12603.468820600001,7,7.5,1,,247.25806451612425,255.0,0.0,255.0,390915.0,43.7660546287943,0.8349454099996629,5.141359782929756
ID7147,7147,16,1.4254162311553955,250.98971975637167,506.53236112495995,0.0,7201.982183200001,4,7.5,1,,254.999999999995,255.0,255.0,255.0,403155.0,5.003803590643346E-12,0.7088122605363936,4.227725596531454E13
ID7084,7084,16,1.5004552602767944,251.173382129952,506.1927737831454,0.0,10802.9732748,6,7.5,1,,252.2580645161241,255.0,0.0,255.0,398820.0,26.308042637011834,0.8015533963531594,8.532412391814693
ID7023,7023,16,1.380328893661499,249.17710262904578,505.1144729336251,0.0,1800.4955458000002,1,7.5,1,,254.999999999995,255.0,255.0,255.0,403155.0,5.003803590643346E-12,0.6657329598506014,4.073470743685032E13
ID6962,6962,16,1.4015154838562012,249.29831204245318,504.26252096726046,0.0,3600.9910916000003,2,7.5,1,,254.999999999995,255.0,255.0,255.0,403155.0,5.003803590643346E-12,0.6849263316962546,4.143171084600823E13
ID7701,7701,16,1.432140827178955,251.77545687923686,508.8320462121995,0.0,23406.4420954,13,7.5,1,,191.93548387096453,255.0,0.0,255.0,303450.0,110.05443825370341,0.861380235504544,1.6141262880135832
ID6902,6902,16,1.3742848634719849,248.74577679893326,504.6455363995408,0.0,0.0,0,7.5,1,,254.999999999995,255.0,255.0,255.0,403155.0,5.003803590643346E-12,0.6598436918496409,4.051760801432573E13
ID7640,7640,16,1.5178884267807007,251.91036884049615,506.4353338881941,0.0,14403.964366400001,8,7.5,1,,246.45161290322105,255.0,0.0,255.0,389640.0,45.914019455100984,0.8407169712096235,4.903194762538993
ID7384,7384,16,1.522976040840149,251.95621446252284,506.3031403715285,0.0,16204.459912200002,9,7.5,1,,238.38709677418902,255.0,0.0,255.0,376890.0,62.95084025727992,0.8520801089802629,3.4844309974188343
ID7450,7450,16,1.5037163496017456,252.67978748806775,507.4566187136718,0.0,19805.4510038,11,7.5,1,,221.12903225806048,255.0,0.0,255.0,349605.0,86.5713274274073,0.8551416372451821,2.354846831770108
ID7580,7580,16,1.520632266998291,251.90262087177422,506.8945808738851,0.0,18004.955458,10,7.5,1,,228.54838709676994,255.0,0.0,255.0,361335.0,77.7772441924317,0.8673317551172824,2.729727970433727
ID7516,7516,16,1.4803541898727417,252.55102419048498,507.7782737805975,0.0,21605.9465496,12,7.5,1,,213.06451612902845,255.0,0.0,255.0,336855.0,94.55484450754001,0.8413851440837297,2.0592427403341436
ID7325,7325,16,1.4482253789901733,251.00738383928217,506.1390454455938,0.0,9002.477729,5,7.5,1,,254.67741935483372,255.0,0.0,255.0,402645.0,9.066752585682789,0.7320816478920774,23.744325166315743
ID7268,7268,17,1.496946930885315,232.3045012317298,546.3221975131779,0.0,5401.4866374,3,7.5,1,,254.67741935483372,255.0,0.0,255.0,402645.0,9.066752585682789,0.7862595787730433,24.72806023870485
ID7209,7209,17,1.5444742441177368,233.53037073539633,550.0844177563372,0.0,12603.468820600001,7,7.5,1,,221.12903225806048,255.0,0.0,255.0,349605.0,86.5713274274073,0.9153169822260275,2.4413640486879364
ID7148,7148,17,1.5162149667739868,232.0409592265239,548.9258008839236,0.0,7201.982183200001,4,7.5,1,,249.8387096774145,255.0,0.0,255.0,394995.0,35.92083305615152,0.8338134285808299,6.324949471992417
ID7085,7085,17,1.5442172288894653,233.1079824365143,549.230952907501,0.0,10802.9732748,6,7.5,1,,228.87096774193122,255.0,0.0,255.0,361845.0,77.35607165020367,0.9025664959878049,2.8071502480881505
ID7025,7025,17,1.3930039405822754,229.74878811358866,548.9939763354595,0.0,1800.4955458000002,1,7.5,1,,254.999999999995,255.0,255.0,255.0,403155.0,5.003803590643346E-12,0.6766917293233029,4.1134627425711414E13
ID6963,6963,17,1.4515020847320557,231.176242829255,547.5268813835103,0.0,3600.9910916000003,2,7.5,1,,254.999999999995,255.0,255.0,255.0,403155.0,5.003803590643346E-12,0.7310304676887204,4.304281708684863E13
ID7702,7702,17,1.4868617057800293,232.573153517832,551.3968195493248,0.0,23406.4420954,13,7.5,1,,201.61290322580297,255.0,0.0,255.0,318750.0,103.7802482877522,0.9085312029446481,1.8495845822200123
ID6904,6904,17,1.4252344369888306,229.343323507932,548.3933969252607,0.0,0.0,0,7.5,1,,254.999999999995,255.0,255.0,255.0,403155.0,5.003803590643346E-12,0.709467228823299,4.23001085361066E13
ID7641,7641,17,1.53644597530365,233.4106641737882,550.2596685725567,0.0,14403.964366400001,8,7.5,1,,219.51612903225407,255.0,0.0,255.0,347055.0,88.28483404998394,0.9147213011900949,2.375710680771176
ID7385,7385,17,1.5350053310394287,233.27886462365657,550.2635189140856,0.0,16204.459912200002,9,7.5,1,,219.51612903225407,255.0,0.0,255.0,347055.0,88.28483404998394,0.9248003475387677,2.389310668341636
ID7451,7451,17,1.523596167564392,233.50871441253418,551.0105148566902,0.0,19805.4510038,11,7.5,1,,216.12903225806062,255.0,0.0,255.0,341700.0,91.68675924664376,0.9246462539860621,2.2649633442856216
ID7581,7581,17,1.524691104888916,233.55141733293965,550.5764299061972,0.0,18004.955458,10,7.5,1,,216.29032258064126,255.0,0.0,255.0,341955.0,91.53047407704668,0.91060516105475,2.2524778714698304
ID7517,7517,17,1.5222183465957642,232.73336474758884,551.295694433117,0.0,21605.9465496,12,7.5,1,,217.74193548386702,255.0,0.0,255.0,344250.0,90.09871066975872,0.9159822225107372,2.3107292841174867
ID7326,7326,17,1.5281327962875366,231.8710587474982,549.6740420252452,0.0,9002.477729,5,7.5,1,,238.38709677418902,255.0,0.0,255.0,376890.0,62.95084025727992,0.8724580606639711,3.528935081800813
ID7269,7269,18,1.5365360975265503,222.4227508543145,584.2450790997277,0.0,5401.4866374,3,7.5,1,,245.64516129031784,255.0,0.0,255.0,388365.0,47.95232294292612,0.8565373396714031,4.7268429264590175
ID7210,7210,18,1.5382341146469116,220.88761737745986,586.239060273107,0.0,12603.468820600001,7,7.5,1,,215.32258064515742,255.0,0.0,255.0,340425.0,92.45999984896288,0.9362473464035953,2.252140329728093
ID7149,7149,18,1.5369426012039185,221.8833638240829,583.9206584158516,0.0,7201.982183200001,4,7.5,1,,241.29032258064055,255.0,0.0,255.0,381480.0,57.53352210478824,0.8835137359539081,3.934535355378334
ID7086,7086,18,1.5529778003692627,220.73452207259317,585.9176932035564,0.0,10802.9732748,6,7.5,1,,225.6451612903184,255.0,0.0,255.0,356745.0,81.41234291813905,0.9362210185459572,2.680335905376465
ID7026,7026,18,1.4001585245132446,223.67584431828328,584.452638450946,0.0,1800.4955458000002,1,7.5,1,,254.999999999995,255.0,255.0,255.0,403155.0,5.003803590643346E-12,0.672290963629541,4.0974659430166984E13
ID6964,6964,18,1.43453848361969,223.64672667845704,586.1756877554278,0.0,3600.9910916000003,2,7.5,1,,254.999999999995,255.0,255.0,255.0,403155.0,5.003803590643346E-12,0.707830748611904,4.2242977109126445E13
ID7703,7703,18,1.5064690113067627,224.1185366542878,588.6180250339467,0.0,23406.4420954,13,7.5,1,,195.32258064515798,255.0,0.0,255.0,308805.0,107.99872679708692,0.9632208240855906,1.7746819199095936
ID6905,6905,18,1.411941647529602,224.0195908343073,584.9701027979444,0.0,0.0,0,7.5,1,,254.999999999995,255.0,255.0,255.0,403155.0,5.003803590643346E-12,0.6871571779837286,4.151169484378045E13
ID7642,7642,18,1.5208609104156494,221.0610066796347,585.5614889158874,0.0,14403.964366400001,8,7.5,1,,210.16129032257692,255.0,0.0,255.0,332265.0,97.10471273213234,0.9388147280231978,2.0959745165871095
ID7386,7386,18,1.5298312902450562,221.11091420985787,585.2923425908892,0.0,16204.459912200002,9,7.5,1,,213.38709677418973,255.0,0.0,255.0,337365.0,94.26174538766038,0.9392078654427186,2.1928050880101786
ID7452,7452,18,1.510480284690857,222.56248307520463,586.2599108362311,0.0,19805.4510038,11,7.5,1,,209.03225806451243,255.0,0.0,255.0,330480.0,98.05520066003535,0.9343917978703526,2.0594784428212796
ID7582,7582,18,1.5354663133621216,221.54122239107815,585.5748176237643,0.0,18004.955458,10,7.5,1,,213.87096774193165,255.0,0.0,255.0,338130.0,93.8182989270031,0.9408505866403323,2.210155512236853
ID7518,7518,18,1.5216749906539917,223.68137432159213,586.9424631429044,0.0,21605.9465496,12,7.5,1,,209.19354838709307,255.0,0.0,255.0,330735.0,97.92077905638249,0.9426574478688796,2.0732949885725365
ID7327,7327,18,1.5537164211273193,219.7931345700259,585.1136369191257,0.0,9002.477729,5,7.5,1,,237.41935483870517,255.0,0.0,255.0,375360.0,64.6268303011482,0.9050352221951535,3.4905650175601344
ID7328,7328,19,1.2103549242019653,280.24759210276574,593.827317367145,0.0,9002.477729,5,7.5,1,,104.83870967741862,0.0,0.0,255.0,165750.0,125.5096795676324,1.0,0.8353037792668813
ID7270,7270,19,1.1883554458618164,282.67629699952624,594.9510661373896,0.0,5401.4866374,3,7.5,1,,103.70967741935414,0.0,0.0,255.0,163965.0,125.30044334514895,0.9912179717736392,0.8240376135924707
ID7211,7211,19,1.160507082939148,279.8305787162001,593.8901717297038,0.0,12603.468820600001,7,7.5,1,,97.41935483870915,0.0,0.0,255.0,154020.0,123.93998896909449,1.0,0.7860203607328182
ID7150,7150,19,1.2238565683364868,282.82853862274845,593.9440066597584,0.0,7201.982183200001,4,7.5,1,,107.09677419354759,0.0,0.0,255.0,169320.0,125.89671825271348,1.0,0.8506716908900785
ID7087,7087,19,1.1833419799804688,279.9285406881112,594.0062030692133,0.0,10802.9732748,6,7.5,1,,100.32258064516068,0.0,0.0,255.0,158610.0,124.60922585028418,1.0,0.8050975356005865
ID7027,7027,19,1.0103213787078857,280.78785040389056,594.2136755497742,0.0,1800.4955458000002,1,7.5,1,,101.61290322580581,0.0,0.0,255.0,160650.0,124.88383740924891,0.5677544085769503,0.5893253257213781
ID6965,6965,19,1.153717041015625,279.9833421609168,594.9286467175826,0.0,3600.9910916000003,2,7.5,1,,104.19354838709606,0.0,0.0,255.0,164730.0,125.39140436036283,0.8999148020268144,0.7871732488597059
ID7704,7704,19,1.1349362134933472,279.7684480942275,592.868229368304,0.0,23406.4420954,13,7.5,1,,94.35483870967698,0.0,0.0,255.0,149175.0,123.15535608051611,1.0,0.766144824817769
ID7643,7643,19,1.1674690246582031,280.06999658675727,593.2557911822278,0.0,14403.964366400001,8,7.5,1,,98.22580645161236,0.0,0.0,255.0,155295.0,124.133065564807,1.0,0.7912944549035643
ID7387,7387,19,1.1523011922836304,279.7789337571868,592.7014169958587,0.0,16204.459912200002,9,7.5,1,,96.12903225806403,0.0,0.0,255.0,151980.0,123.61948987456647,1.0,0.7776203603137636
ID7453,7453,19,1.1591989994049072,280.16112647900684,592.5197497269548,0.0,19805.4510038,11,7.5,1,,97.41935483870915,0.0,0.0,255.0,154020.0,123.93998896909449,1.0,0.7860203607328182
ID7583,7583,19,1.1723302602767944,280.0397335617919,592.8489561861523,0.0,18004.955458,10,7.5,1,,99.51612903225748,0.0,0.0,255.0,157335.0,124.4304870216655,1.0,0.7997728805395579
ID7519,7519,19,1.1600521802902222,280.08082220447955,592.5717318991452,0.0,21605.9465496,12,7.5,1,,97.41935483870915,0.0,0.0,255.0,154020.0,123.93998896909449,1.0,0.7860203607328182
ID7584,7584,20,1.286428689956665,295.27143933297094,613.0871371079663,0.0,18004.955458,10,7.5,1,,122.58064516128908,0.0,0.0,255.0,193800.0,127.44537416989478,0.9420279226672282,0.9331170559211137
ID7520,7520,20,1.2726171016693115,294.6851943417905,611.7667754769594,0.0,21605.9465496,12,7.5,1,,122.09677419354716,0.0,0.0,255.0,193035.0,127.42576442366332,0.9303953707835738,0.9236303847825141
ID7329,7329,20,1.3367232084274292,294.72098419324044,613.2131898097874,0.0,9002.477729,5,7.5,1,,140.32258064515955,255.0,0.0,255.0,221850.0,126.89371981714362,0.9577229324067922,1.0819472530611014
ID7271,7271,20,1.5051432847976685,296.7157938861032,612.8646278069251,0.0,5401.4866374,3,7.5,1,,193.3870967741903,255.0,0.0,255.0,305745.0,109.19103308797281,0.9824169550525765,1.7553808652308767
ID7212,7212,20,1.2857003211975098,296.1512131387951,614.8593414079372,0.0,12603.468820600001,7,7.5,1,,127.25806451612766,0.0,0.0,255.0,201195.0,127.54011210595185,0.9364877324794807,0.9650634272434535
ID7151,7151,20,1.4292051792144775,297.72894338231225,613.7262785442546,0.0,7201.982183200001,4,7.5,1,,167.5806451612878,255.0,0.0,255.0,264945.0,121.07462122027697,0.9844279910746687,1.3732491670345015
ID7088,7088,20,1.3040430545806885,295.33987068201174,613.5660730153778,0.0,10802.9732748,6,7.5,1,,134.1935483870952,255.0,0.0,255.0,212160.0,127.36446450682168,0.9501468895674242,1.0266839782971717
ID7028,7028,20,1.3854591846466064,284.212537794095,609.2898960438741,0.0,1800.4955458000002,1,7.5,1,,175.64516129031983,255.0,0.0,255.0,277695.0,118.09790493078597,0.7975464686491338,1.3197748949983867
ID6966,6966,20,1.525904893875122,291.9874315649472,610.5318271223316,0.0,3600.9910916000003,2,7.5,1,,196.1290322580612,255.0,0.0,255.0,310080.0,107.48773753263862,0.9901373096252509,1.815621610833807
ID7705,7705,20,1.267685890197754,292.85525113378316,612.0169259752096,0.0,23406.4420954,13,7.5,1,,122.74193548386972,0.0,0.0,255.0,194055.0,127.45150159683894,0.9281473864804823,0.92716008028116
ID6907,6907,20,1.3712610006332397,274.1804643135088,608.0860627924283,0.0,0.0,0,7.5,1,,195.16129032257734,255.0,0.0,255.0,308550.0,108.09991238467516,0.7675026271319774,1.5678991954754629
ID7644,7644,20,1.3067948818206787,295.67941552600917,614.0118280742628,0.0,14403.964366400001,8,7.5,1,,129.0322580645147,255.0,0.0,255.0,204000.0,127.53113135657308,0.9423358166887904,0.9817331599267778
ID7388,7388,20,1.2857213020324707,295.05430345095556,613.2536724991501,0.0,16204.459912200002,9,7.5,1,,124.51612903225677,0.0,0.0,255.0,196860.0,127.50541025679325,0.9455068015496831,0.9492025524805024
ID7454,7454,20,1.2709301710128784,294.67656130715534,612.2288829738342,0.0,19805.4510038,11,7.5,1,,120.6451612903214,0.0,0.0,255.0,190740.0,127.35588016393848,0.9375604747141637,0.916779568900504
ID7585,7585,21,1.3993840217590332,234.34282609397152,623.1581323439827,0.0,18004.955458,10,7.5,1,,157.90322580644937,255.0,0.0,255.0,249645.0,123.86120292833213,0.9863346631398247,1.266069594263756
ID7521,7521,21,1.390594244003296,234.32716736198788,623.2420923414921,0.0,21605.9465496,12,7.5,1,,155.48387096773976,255.0,0.0,255.0,245820.0,124.43048702166554,0.9825037395812775,1.2385362891932519
ID7330,7330,21,1.3871432542800903,234.7268724103721,624.7988330268446,0.0,9002.477729,5,7.5,1,,156.12903225806232,255.0,0.0,255.0,246840.0,124.28354086528547,0.9861804482256764,1.2474918907899675
ID7272,7272,21,1.4557873010635376,234.63616934006052,626.151020599245,0.0,5401.4866374,3,7.5,1,,181.61290322580354,255.0,0.0,255.0,287130.0,115.4836749292855,0.947875869438526,1.5305456625205536
ID7213,7213,21,1.3975459337234497,233.1866373514496,625.3515722001356,0.0,12603.468820600001,7,7.5,1,,159.1935483870945,255.0,0.0,255.0,251685.0,123.53712805866941,0.9899940191955342,1.2821497670026638
ID7152,7152,21,1.399910807609558,234.07395114536257,625.1185617186529,0.0,7201.982183200001,4,7.5,1,,173.06451612902958,255.0,0.0,255.0,273615.0,119.11800717147513,0.9176415667056013,1.3904848195167254
ID7089,7089,21,1.4135682582855225,233.857282987059,625.2980742804716,0.0,10802.9732748,6,7.5,1,,162.4193548387073,255.0,0.0,255.0,256785.0,122.66379121724005,0.98601763493734,1.314779654863569
ID7029,7029,21,1.2853655815124512,236.7402337323821,628.9865642731926,0.0,1800.4955458000002,1,7.5,1,,217.58064516128638,255.0,0.0,255.0,343995.0,90.26007068095481,0.6216066156474171,1.848096765872057
ID6968,6968,21,1.236212968826294,237.31334233385823,629.1382572387837,0.0,3600.9910916000003,2,7.5,1,,189.67741935483556,255.0,0.0,255.0,299880.0,111.34657800233076,0.6404990220267947,1.3301825571503183
ID7706,7706,21,1.3652663230895996,234.07763324270022,623.6662741061829,0.0,23406.4420954,13,7.5,1,,149.51612903225606,255.0,0.0,255.0,236385.0,125.62452805808121,0.9923811451413537,1.1856313608156952
ID6908,6908,21,1.4207407236099243,239.32062778812357,630.4908416766572,0.0,0.0,0,7.5,1,,189.19354838709364,255.0,0.0,255.0,299115.0,111.61557209024683,0.8941051562572111,1.600280236727038
ID7645,7645,21,1.3881927728652954,233.44718184951495,624.3396531507192,0.0,14403.964366400001,8,7.5,1,,158.06451612903,255.0,0.0,255.0,249900.0,123.82147576390231,0.9820761508505607,1.2650078911221025
ID7389,7389,21,1.4001986980438232,233.4132538641533,623.2184726119876,0.0,16204.459912200002,9,7.5,1,,158.8709677419332,255.0,0.0,255.0,251175.0,123.61948987456456,0.9772297449958276,1.270360939757359
ID7455,7455,21,1.3842511177062988,234.79317217130424,622.8631452034163,0.0,19805.4510038,11,7.5,1,,152.4193548387076,255.0,0.0,255.0,240975.0,125.08065997015643,0.9740821796542649,1.2025698760972592
ID7456,7456,22,1.3575600385665894,257.8455252827367,647.4836976251479,0.0,19805.4510038,11,7.5,1,,140.9677419354821,255.0,0.0,255.0,222870.0,126.82682640304122,0.9318329650680304,1.0722772976804875
ID7586,7586,22,1.3440885543823242,257.87125601670914,648.350488138648,0.0,18004.955458,10,7.5,1,,139.67741935483699,255.0,0.0,255.0,220830.0,126.95729742531246,0.9205970302142611,1.0547070423933718
ID7522,7522,22,1.3508663177490234,257.42495899720916,647.905177760116,0.0,21605.9465496,12,7.5,1,,140.64516129032083,255.0,0.0,255.0,222360.0,126.8606879075685,0.9166313274541688,1.0604344852981884
ID7331,7331,22,1.3127944469451904,255.51586400215228,651.6461366073021,0.0,9002.477729,5,7.5,1,,185.4838709677389,255.0,0.0,255.0,293250.0,113.5882104070953,0.676498266136659,1.3178514795736278
ID7273,7273,22,1.3714762926101685,251.12245797756415,655.988463342463,0.0,5401.4866374,3,7.5,1,,238.87096774193094,255.0,0.0,255.0,377655.0,62.0902246602984,0.6833135276759695,3.123382254123589
ID7214,7214,22,1.3644946813583374,258.235569958178,648.6217741582593,0.0,12603.468820600001,7,7.5,1,,141.93548387096595,255.0,0.0,255.0,224400.0,126.72025758786997,0.948969166233195,1.0907420706757798
ID7153,7153,22,1.328007459640503,254.55208656663024,654.5953141829674,0.0,7201.982183200001,4,7.5,1,,231.77419354838275,255.0,0.0,255.0,366435.0,73.39311692581664,0.659759225600037,2.5106150198807278
ID7090,7090,22,1.329013705253601,258.17684080634507,649.7978660525979,0.0,10802.9732748,6,7.5,1,,148.70967741935286,255.0,0.0,255.0,235110.0,125.76328412592017,0.8227025785923336,1.067437382186757
ID7030,7030,22,1.2988669872283936,252.26682046883715,653.3132524031771,0.0,1800.4955458000002,1,7.5,1,,246.12903225805977,255.0,0.0,255.0,389130.0,46.74167953723659,0.5967985010746013,3.9361000918351547
ID6969,6969,22,1.364758014678955,250.26995655671064,655.1693802424415,0.0,3600.9910916000003,2,7.5,1,,248.38709677418873,255.0,0.0,255.0,392700.0,40.5413298787539,0.6688652061625789,4.911095516758113
ID7707,7707,22,1.3219438791275024,256.81412630581747,648.5308395536002,0.0,23406.4420954,13,7.5,1,,136.29032258064353,255.0,0.0,255.0,215475.0,127.236866079896,0.8845733219386485,1.0055481000924469
ID6909,6909,22,1.2893848419189453,253.4472120160447,650.5819963641627,0.0,0.0,0,7.5,1,,235.1612903225762,255.0,0.0,255.0,371790.0,68.324587707669,0.6282672898607334,2.656058041185446
ID7646,7646,22,1.3607720136642456,258.4756241429373,649.7319347530952,0.0,14403.964366400001,8,7.5,1,,143.06451612903044,255.0,0.0,255.0,226185.0,126.58645771990385,0.9246219494336836,1.0859090268544878
ID7390,7390,22,1.339517593383789,257.82494846339364,648.4742683758005,0.0,16204.459912200002,9,7.5,1,,139.83870967741763,255.0,0.0,255.0,221085.0,126.94171360317578,0.8975873460806876,1.0421446246516897
ID7041,7041,23,1.1400399208068848,311.4319830085349,40.535029063753065,0.0,10802.9732748,6,7.5,1,,156.61290322580425,255.0,0.0,255.0,247605.0,124.17101594369699,0.6289237727196432,0.9739452662270015
ID6978,6978,23,1.3784222602844238,321.96056058556564,41.90079145635331,0.0,1800.4955458000002,1,7.5,1,,241.1290322580599,255.0,0.0,255.0,381225.0,57.85161987721377,0.7223012923006935,3.496014613255536
ID6918,6918,23,1.516548991203308,319.8288008885044,42.437243704947406,0.0,3600.9910916000003,2,7.5,1,,235.1612903225762,255.0,0.0,255.0,371790.0,68.324587707669,0.9165893346855915,3.2920357507637643
ID7402,7402,23,1.0904881954193115,313.066114972657,42.56908103835954,0.0,19805.4510038,11,7.5,1,,137.41935483870802,255.0,0.0,255.0,217260.0,127.15377655019203,0.649338481982005,0.8509616470808637
ID7658,7658,23,1.035980224609375,312.53817746293817,41.613123405521684,0.0,23406.4420954,13,7.5,1,,132.41935483870816,255.0,0.0,255.0,209355.0,127.44537416989559,0.54041190703411,0.7290300484442604
ID6860,6860,23,1.08151113986969,323.8937928213741,44.873103081845535,0.0,0.0,0,7.5,1,,214.8387096774155,255.0,0.0,255.0,339660.0,92.91749392783025,0.4722377420394421,1.48329587745267
ID7468,7468,23,1.244210124015808,301.51336610975204,56.728126278320985,0.0,21605.9465496,12,7.5,1,,180.3225806451584,255.0,0.0,255.0,285090.0,116.07991977341341,0.6582434448023128,1.2332787944250652
ID7597,7597,23,1.1142373085021973,311.91003301300316,41.507990302041016,0.0,14403.964366400001,8,7.5,1,,148.54838709677222,255.0,0.0,255.0,234855.0,125.79039615488337,0.6217394239663772,0.9054777512088323
ID7341,7341,23,1.1120874881744385,312.4020792639936,42.02114025814332,0.0,16204.459912200002,9,7.5,1,,142.74193548386916,255.0,0.0,255.0,225675.0,126.62572855746035,0.6492253078430611,0.8875137090486338
ID7534,7534,23,1.1029682159423828,312.89937947976534,42.70748258350451,0.0,18004.955458,10,7.5,1,,137.7419354838693,255.0,0.0,255.0,217770.0,127.12818386458113,0.6562550278953033,0.8586175639380955
ID7281,7281,23,1.2284060716629028,311.74586257171103,40.47912942439143,0.0,9002.477729,5,7.5,1,,161.45161290322346,255.0,0.0,255.0,255255.0,122.93533740354151,0.7367628271461018,1.1142504976875764
ID7224,7224,23,1.37784743309021,314.54452497061646,42.530117018839626,0.0,5401.4866374,3,7.5,1,,194.83870967741606,255.0,0.0,255.0,308040.0,108.30127887952825,0.7941437441588179,1.5926250391130017
ID7164,7164,23,1.103750467300415,311.433391111108,41.66881939569415,0.0,12603.468820600001,7,7.5,1,,149.83870967741734,255.0,0.0,255.0,236895.0,125.5675315582249,0.6005751244757374,0.895504845881774
ID7101,7101,23,1.3346004486083984,312.59587642975015,40.407204298894776,0.0,7201.982183200001,4,7.5,1,,172.25806451612638,255.0,0.0,255.0,272340.0,119.42355933865463,0.8321590203621921,1.3102757640483604
ID6976,6976,24,1.1626659631729126,292.1697014595536,31.845401210092593,0.0,1800.4955458000002,1,7.5,1,,240.645161290318,255.0,0.0,255.0,380460.0,58.79293171739975,0.5172975343732582,2.790947510342707
ID7043,7043,24,1.2675315141677856,299.5400361211513,57.262482029904966,0.0,10802.9732748,6,7.5,1,,174.3548387096747,255.0,0.0,255.0,275655.0,118.61607554158907,0.6967589639453725,1.2072101033061295
ID6919,6919,24,1.088324785232544,304.972648795512,56.213310515925585,0.0,3600.9910916000003,2,7.5,1,,198.38709677419016,255.0,0.0,255.0,313650.0,106.0112159601547,0.47344162960097325,1.2026108240807412
ID6857,6857,24,1.1277116537094116,293.76360521664145,30.791735069423822,0.0,0.0,0,7.5,1,,230.64516129031827,255.0,0.0,255.0,364650.0,74.97253478324834,0.4940768000172346,2.0346686272559618
ID7403,7403,24,1.3410627841949463,300.08019719720414,58.021172316048826,0.0,19805.4510038,11,7.5,1,,193.70967741935158,255.0,0.0,255.0,306255.0,108.9956094282832,0.7577185224028302,1.532254424280274
ID7469,7469,24,1.0607894659042358,300.9433386782658,65.3051348567809,0.0,21605.9465496,12,7.5,1,,149.51612903225606,255.0,0.0,255.0,236385.0,125.62452805808121,0.5829381654369851,0.8766013530693182
ID7342,7342,24,1.3956761360168457,299.8063549969034,58.64163991991293,0.0,16204.459912200002,9,7.5,1,,202.41935483870617,255.0,0.0,255.0,320025.0,103.19920814551894,0.7965166391950517,1.7392790896298844
ID7599,7599,24,1.4214062690734863,299.64979357748723,58.22758347637695,0.0,14403.964366400001,8,7.5,1,,207.90322580644795,255.0,0.0,255.0,328695.0,98.98367783088864,0.8040318917506776,1.8722192299782263
ID7535,7535,24,1.377824068069458,299.5878649158131,58.816987621380385,0.0,18004.955458,10,7.5,1,,202.9032258064481,255.0,0.0,255.0,320790.0,102.84597120639025,0.7740461626119359,1.7216053716267725
ID7284,7284,24,1.2214879989624023,298.8470462751923,55.931265645963094,0.0,9002.477729,5,7.5,1,,176.2903225806424,255.0,0.0,255.0,278715.0,117.83266332188305,0.6898079702219826,1.2214723148570952
ID7226,7226,24,1.152260422706604,301.16922633200056,62.354311553888564,0.0,5401.4866374,3,7.5,1,,203.38709677419,255.0,0.0,255.0,321555.0,102.48923097727248,0.5388555513265996,1.389791541244982
ID7166,7166,24,1.4232875108718872,298.8869078062851,58.66400964021599,0.0,12603.468820600001,7,7.5,1,,207.2580645161254,255.0,0.0,255.0,327675.0,99.5045915538683,0.8271162465291826,1.8858132578480526
ID7103,7103,24,1.2304521799087524,298.1002519019942,54.39533499341027,0.0,7201.982183200001,4,7.5,1,,181.93548387096482,255.0,0.0,255.0,287640.0,115.33187505913284,0.6699104729384856,1.2656733388910655
ID7108,7108,26,1.321948766708374,285.1928347840233,90.3113861989847,0.0,7201.982183200001,4,7.5,1,,224.99999999999585,255.0,0.0,255.0,355725.0,82.18437900172097,0.6691616766467016,2.1951079954034127
ID7174,7174,26,1.301287293434143,285.46469002209756,100.27850816367385,0.0,12603.468820600001,7,7.5,1,,176.61290322580368,255.0,0.0,255.0,279225.0,117.69849137255552,0.7368564807504328,1.2732113550872073
ID6985,6985,26,1.482877254486084,289.4494154553392,94.19653265953615,0.0,1800.4955458000002,1,7.5,1,,250.96774193547898,255.0,0.0,255.0,396780.0,31.82148938385478,0.834115920927838,7.173432666480473
ID7049,7049,26,1.4910281896591187,285.257658961732,96.33566196759422,0.0,10802.9732748,6,7.5,1,,221.29032258064112,255.0,0.0,255.0,349860.0,86.39645057588667,0.8966043884500622,2.421701584274863
ID6925,6925,26,1.450469970703125,289.4691250719416,92.32790761085676,0.0,3600.9910916000003,2,7.5,1,,243.38709677418888,255.0,0.0,255.0,384795.0,53.18100865443215,0.7867735841242193,4.03042851476639
ID6865,6865,26,1.300995945930481,287.2610873045863,91.43956480451041,0.0,0.0,0,7.5,1,,242.09677419354375,255.0,0.0,255.0,382755.0,55.908912094697186,0.6382502956491038,3.3740283426488524
ID7412,7412,26,1.2817045450210571,290.06383967425296,97.11669259350978,0.0,19805.4510038,11,7.5,1,,165.1612903225782,255.0,0.0,255.0,261120.0,121.84936714141676,0.6968898922426726,1.1133340398286002
ID7477,7477,26,1.2871778011322021,291.6640177228524,96.93756318801209,0.0,21605.9465496,12,7.5,1,,164.19354838709435,255.0,0.0,255.0,259590.0,122.14446409988876,0.6978813878613792,1.1050617943986936
ID7350,7350,26,1.3044319152832031,288.29556999302457,98.38033842687825,0.0,16204.459912200002,9,7.5,1,,184.03225806451314,255.0,0.0,255.0,290955.0,114.31806438544733,0.6995586002318757,1.3252476558992257
ID7607,7607,26,1.308897852897644,287.4027004654341,97.00836152867028,0.0,14403.964366400001,8,7.5,1,,177.25806451612624,255.0,0.0,255.0,280245.0,117.42702746078662,0.7534130730607228,1.297229578990397
ID7543,7543,26,1.3110671043395996,288.80527873445465,98.27987498381655,0.0,18004.955458,10,7.5,1,,177.74193548386816,255.0,0.0,255.0,281010.0,117.2206852767784,0.7310496724247716,1.2807164902455193
ID7290,7290,26,1.4954171180725098,284.84725567614544,95.90575430220085,0.0,9002.477729,5,7.5,1,,231.77419354838275,255.0,0.0,255.0,366435.0,73.39311692581664,0.8764110917244183,2.9499836980620113
ID7230,7230,26,1.2987511157989502,289.6672412919979,88.97184431590797,0.0,5401.4866374,3,7.5,1,,243.0645161290276,255.0,0.0,255.0,384285.0,53.878833937148265,0.6265720070336411,3.4756102139202953
ID7172,7172,27,1.4533874988555908,333.81352950693775,93.89635516604486,0.0,12603.468820600001,7,7.5,1,,160.48387096773962,255.0,0.0,255.0,253725.0,123.19867878707078,0.9788501113680091,1.2887201867267952
ID7109,7109,27,1.5254424810409546,338.5984983652965,94.04639641142977,0.0,7201.982183200001,4,7.5,1,,194.1935483870935,255.0,0.0,255.0,307020.0,108.70001913929023,0.9675595818243369,1.7570535513924794
ID6984,6984,27,1.5664974451065063,338.37929403973703,93.45240416429867,0.0,1800.4955458000002,1,7.5,1,,253.22580645160795,255.0,0.0,255.0,400350.0,21.20273428594686,0.8951640459595259,11.282410829273513
ID7048,7048,27,1.4727720022201538,335.83564004538334,93.83435590436486,0.0,10802.9732748,6,7.5,1,,167.9032258064491,255.0,0.0,255.0,265455.0,120.96728868841602,0.9811108209547507,1.374771070333065
ID6927,6927,27,1.562431812286377,340.09991930386616,94.1440333988254,0.0,3600.9910916000003,2,7.5,1,,247.25806451612425,255.0,0.0,255.0,390915.0,43.7660546287943,0.9002546807860442,5.3529925635658975
ID7665,7665,27,1.299700140953064,330.5888354589066,93.0359007494148,0.0,23406.4420954,13,7.5,1,,125.96774193548254,0.0,0.0,255.0,199155.0,127.53113135657412,0.9740166710634325,0.9747398056011644
ID6866,6866,27,1.5570029020309448,333.4625963955474,93.73656223398851,0.0,0.0,0,7.5,1,,254.51612903225308,255.0,0.0,255.0,402390.0,11.100941877865104,0.8928465961261318,21.62952116361778
ID7410,7410,27,1.412341833114624,331.3130247882875,92.74843936501809,0.0,19805.4510038,11,7.5,1,,151.12903225806247,255.0,0.0,255.0,238935.0,125.33097871721274,0.9887144918725541,1.1989965328423529
ID7348,7348,27,1.4802839756011963,330.9004729363881,93.082370870046,0.0,16204.459912200002,9,7.5,1,,169.5161290322555,255.0,0.0,255.0,268005.0,120.41622130598977,0.9986517779518367,1.4068019858055814
ID7476,7476,27,1.383476972579956,330.52579789818856,92.90405068360472,0.0,21605.9465496,12,7.5,1,,147.09677419354645,255.0,0.0,255.0,232560.0,126.02484734295875,0.9663705160446339,1.147242644403488
ID7605,7605,27,1.4634833335876465,332.28554978956106,93.17423674515906,0.0,14403.964366400001,8,7.5,1,,167.74193548386845,255.0,0.0,255.0,265200.0,121.02107440095689,0.9831014819604843,1.374244643834066
ID7541,7541,27,1.4715791940689087,330.6001277805952,92.92271975932947,0.0,18004.955458,10,7.5,1,,166.12903225806204,255.0,0.0,255.0,262650.0,121.54584402972435,0.9958785962896938,1.363979034035622
ID7289,7289,27,1.4774012565612793,337.3717909649401,93.65857484902212,0.0,9002.477729,5,7.5,1,,176.77419354838432,255.0,0.0,255.0,279480.0,117.6310160680482,0.9656686774434432,1.4765387174902935
ID7231,7231,27,1.572033405303955,340.00798219272235,93.10546683901377,0.0,5401.4866374,3,7.5,1,,236.61290322580197,255.0,0.0,255.0,374085.0,65.98013268667046,0.9381791811967441,3.4717392750906813
ID7552,7552,31,1.0396984815597534,389.0932033631094,151.39316119756953,0.0,18004.955458,10,7.5,1,,81.45161290322574,0.0,0.0,255.0,128775.0,118.93167261980194,1.0,0.6848605683332849
ID7488,7488,31,1.0579110383987427,388.5927701434127,150.15300216208837,0.0,21605.9465496,12,7.5,1,,83.87096774193535,0.0,0.0,255.0,132600.0,119.84090106464922,1.0,0.6998526128962467
ID7059,7059,31,1.0243598222732544,389.86996048399186,151.46174418992564,0.0,10802.9732748,6,7.5,1,,79.67741935483869,0.0,0.0,255.0,125970.0,118.2289815502075,1.0,0.6739246021585885
ID7300,7300,31,1.0230817794799805,389.8630689787915,151.4874147414203,0.0,9002.477729,5,7.5,1,,79.67741935483869,0.0,0.0,255.0,125970.0,118.2289815502075,1.0,0.6739246021585885
ID7675,7675,31,1.0335938930511475,388.44912508937387,151.39422135583595,0.0,23406.4420954,13,7.5,1,,80.80645161290317,0.0,0.0,255.0,127755.0,118.6797007751201,1.0,0.6808784576059814
ID7422,7422,31,1.049730896949768,389.7251816742415,151.99664497485287,0.0,19805.4510038,11,7.5,1,,82.9032258064515,0.0,0.0,255.0,131070.0,119.48392242237334,1.0,0.6938441936429758
ID7183,7183,31,1.0268534421920776,389.6692369302186,151.72631129744292,0.0,12603.468820600001,7,7.5,1,,79.99999999999997,0.0,0.0,255.0,126480.0,118.35903328218625,1.0,0.6759095421915756
ID7615,7615,31,1.0501805543899536,390.21765739394095,150.60221821257656,0.0,14403.964366400001,8,7.5,1,,82.74193548387086,0.0,0.0,255.0,130815.0,119.42355933865122,1.0,0.6928443260448994
ID7359,7359,31,1.0394214391708374,389.8859251444171,150.73276354947217,0.0,16204.459912200002,9,7.5,1,,81.45161290322574,0.0,0.0,255.0,128775.0,118.93167261980194,1.0,0.6848605683332849
ID7119,7119,31,1.0159828662872314,389.79332409827566,150.778979252737,0.0,7201.982183200001,4,7.5,1,,78.87096774193549,0.0,0.0,255.0,124695.0,117.89936085283001,1.0,0.6689685777040605
ID7696,7696,33,1.2499693632125854,235.42608893555266,432.33449273484865,0.0,23406.4420954,13,7.5,1,,131.61290322580496,255.0,0.0,255.0,208080.0,127.47396630907099,0.9641628361454401,1.013630952857003
ID7378,7378,33,1.215538740158081,235.81810412042134,432.80831132711023,0.0,16204.459912200002,9,7.5,1,,135.8064516129016,255.0,0.0,255.0,214710.0,127.26939128616085,0.8613005640177058,0.987562643191631
ID7635,7635,33,1.2320613861083984,236.29551173354648,433.57813103731064,0.0,14403.964366400001,8,7.5,1,,138.38709677419186,255.0,0.0,255.0,218790.0,127.07452487172748,0.8480578195392298,0.9994866729725378
ID7204,7204,33,1.2593419551849365,236.61692104608133,435.3617965216761,0.0,12603.468820600001,7,7.5,1,,146.29032258064325,255.0,0.0,255.0,231285.0,126.14768756173953,0.8409869702074402,1.0595094919279782
ID7444,7444,33,1.2319040298461914,236.27088307060052,432.61434683383214,0.0,19805.4510038,11,7.5,1,,131.7741935483856,255.0,0.0,255.0,208335.0,127.46865682529832,0.9200252081623009,0.9907173061672518
ID7574,7574,33,1.2508652210235596,235.37111793068271,432.4293362918508,0.0,18004.955458,10,7.5,1,,137.41935483870802,255.0,0.0,255.0,217260.0,127.15377655019203,0.8766343730600485,1.0096886308448272
ID7510,7510,33,1.2204571962356567,235.81652965556563,432.42623009744483,0.0,21605.9465496,12,7.5,1,,131.7741935483856,255.0,0.0,255.0,208335.0,127.46865682529832,0.917628927314115,0.9893716838946942
ID7143,7143,33,1.162887692451477,234.3546294530991,458.8622281159138,0.0,7201.982183200001,4,7.5,1,,198.06451612902887,255.0,0.0,255.0,313140.0,106.22634485551828,0.5756378099794346,1.3623771572134957
ID7080,7080,33,1.322166919708252,236.8096528992096,435.83098827611036,0.0,10802.9732748,6,7.5,1,,159.35483870967514,255.0,0.0,255.0,251940.0,123.49561037523253,0.8414348756351945,1.1792554016536274
ID7322,7322,33,1.2027286291122437,233.18695909579338,458.1111250909654,0.0,9002.477729,5,7.5,1,,197.4193548387063,255.0,0.0,255.0,312120.0,106.65237203454983,0.6000837114049261,1.3884119383637887
ID7216,7216,35,1.4790215492248535,249.73929341280373,668.9269632633493,0.0,12603.468820600001,7,7.5,1,,203.22580645160937,255.0,0.0,255.0,321300.0,102.60853588958086,0.9015637245148621,1.8780662389217455
ID7648,7648,35,1.5082557201385498,249.52078460242274,669.0940896916736,0.0,14403.964366400001,8,7.5,1,,209.51612903225436,255.0,0.0,255.0,331245.0,97.65058102165275,0.9279227744725275,2.065355549152115
ID7392,7392,35,1.5028564929962158,249.53893588447642,668.0256542936506,0.0,16204.459912200002,9,7.5,1,,207.90322580644795,255.0,0.0,255.0,328695.0,98.98367783088864,0.9197522495296561,2.0125807326249987
ID7154,7154,35,1.2495670318603516,250.41867179685403,664.5058242073717,0.0,7201.982183200001,4,7.5,1,,209.99999999999628,255.0,0.0,255.0,332010.0,97.24186861973561,0.5886625873013797,1.6004081762653524
ID7458,7458,35,1.4934964179992676,249.75478748802246,667.3410120683156,0.0,19805.4510038,11,7.5,1,,198.5483870967708,255.0,0.0,255.0,313905.0,105.90311893539874,0.9429314793430857,1.8197438420043712
ID7092,7092,35,1.4384191036224365,249.7392260856884,667.9353262706245,0.0,10802.9732748,6,7.5,1,,200.48387096773848,255.0,0.0,255.0,316965.0,104.57782771608917,0.8525955161332394,1.7645430324555818
ID7588,7588,35,1.503387451171875,249.67863319618365,667.9856571336246,0.0,18004.955458,10,7.5,1,,206.1290322580609,255.0,0.0,255.0,325890.0,100.3997064819273,0.9324620797187892,1.9813304575689117
ID7524,7524,35,1.5024621486663818,249.5564665475555,667.3324235295194,0.0,21605.9465496,12,7.5,1,,201.93548387096425,255.0,0.0,255.0,319260.0,103.54897764702265,0.9465401443925393,1.8965857916517102
ID7333,7333,35,1.3408392667770386,249.73632009003657,666.439707222924,0.0,9002.477729,5,7.5,1,,199.83870967741592,255.0,0.0,255.0,315945.0,105.0254154622481,0.7187266728374746,1.5913736029261778
ID7708,7708,35,1.4881150722503662,249.70905515922206,667.4578974168097,0.0,23406.4420954,13,7.5,1,,193.22580645160966,255.0,0.0,255.0,305490.0,109.288256596068,0.9453167736914672,1.718338254730567
