LABEL,ID,TRACK_ID,QUALITY,POSITION_X,POSITION_Y,POSITION_Z,POSITION_T,FRAME,RADIUS,VISIBILITY,MANUAL_SPOT_COLOR,MEAN_INTENSITY_CH1,MEDIAN_INTENSITY_CH1,MIN_INTENSITY_CH1,MAX_INTENSITY_CH1,TOTAL_INTENSITY_CH1,STD_INTENSITY_CH1,CONTRAST_CH1,SNR_CH1
Label,Spot ID,Track ID,Quality,X,Y,Z,T,Frame,Radius,Visibility,Manual spot color,Mean intensity ch1,Median intensity ch1,Min intensity ch1,Max intensity ch1,Sum intensity ch1,Std intensity ch1,Contrast ch1,Signal/Noise ratio ch1
Label,Spot ID,Track ID,Quality,X,Y,Z,T,Frame,R,Visibility,Spot color,Mean ch1,Median ch1,Min ch1,Max ch1,Sum ch1,Std ch1,Ctrst ch1,SNR ch1
,,,(quality),(micron),(micron),(micron),(sec),,(micron),,,(counts),(counts),(counts),(counts),(counts),(counts),,
ID11840,11840,0,1.2256250381469727,267.2605563108856,669.4400652481203,0.0,0.0,0,7.75,1,,235.80645161289877,255.0,0.0,255.0,372810.0,67.29656062738113,0.640321515939885,2.735658759347672
ID12032,12032,0,1.1183956861495972,259.98031436922327,685.1049960801831,0.0,7201.982183200001,4,7.75,1,,111.45161290322488,0.0,0.0,255.0,176205.0,126.52598559436132,1.0,0.8808594723026744
ID11969,11969,0,1.1086480617523193,258.67549539172995,682.9861287473725,0.0,12603.468820600001,7,7.75,1,,118.06451612903115,0.0,0.0,255.0,186660.0,127.19062097058543,1.0,0.9282486022010631
ID11714,11714,0,1.1199061870574951,259.66653131941075,684.4986494010606,0.0,9002.477729,5,7.75,1,,114.51612903225706,0.0,0.0,255.0,181050.0,126.87730752084904,1.0,0.9025737641338208
ID11779,11779,0,1.0310776233673096,264.15727340613995,686.37445720626,0.0,3600.9910916000003,2,7.75,1,,104.67741935483798,0.0,0.0,255.0,165495.0,125.48043239422768,0.8521154684671772,0.7676042783018465
ID11907,11907,0,1.0998938083648682,259.874963261668,686.1285890099431,0.0,5401.4866374,3,7.75,1,,107.90322580645079,0.0,0.0,255.0,170595.0,126.02484734295571,1.0,0.8562059632003367
ID11652,11652,0,1.2013216018676758,270.70316244067413,676.2523867057862,0.0,1800.4955458000002,1,7.75,1,,238.06451612902774,255.0,0.0,255.0,376380.0,63.516057071586204,0.6144892942641808,2.8531216203921086
ID12150,12150,0,1.0573604106903076,256.6795712410097,683.6437263791524,0.0,16204.459912200002,9,7.75,1,,113.54838709677321,0.0,0.0,255.0,179520.0,126.77447719710345,1.0,0.8956722962480304
ID11593,11593,0,1.1025581359863281,258.49609186999874,683.9915349594745,0.0,10802.9732748,6,7.75,1,,113.87096774193449,0.0,0.0,255.0,180030.0,126.80958434562847,1.0,0.8979681490917212
ID12092,12092,0,1.0771223306655884,258.68785953151416,683.8574406558638,0.0,14403.964366400001,8,7.75,1,,115.16129032257962,0.0,0.0,255.0,182070.0,126.94171360317719,1.0,0.9071981703553849
ID12255,12255,0,1.0216829776763916,250.6115515256452,681.441181766954,0.0,18004.955458,10,7.75,1,,108.709677419354,0.0,0.0,255.0,171870.0,126.14768756173862,1.0,0.8617651224573563
ID12258,12258,1,1.1866792440414429,240.22411364026894,4.434197011081808,0.0,23406.4420954,13,7.75,1,,181.2865275142286,255.0,0.0,255.0,286614.0,112.27501047252466,0.9746077974396102,1.5939014133187523
ID11843,11843,1,1.2095750570297241,239.53533551601242,4.995307146679853,0.0,5401.4866374,3,7.75,1,,227.51929158759856,255.0,0.0,255.0,359708.0,74.3969964243575,0.9490490741861688,2.978233303541832
ID12035,12035,1,1.128735065460205,237.19321122316668,5.970547165752986,0.0,14403.964366400001,8,7.75,1,,177.2789373814014,255.0,0.0,255.0,280278.0,116.02802473730021,0.9853446471450409,1.516618988024598
ID11972,11972,1,1.2141817808151245,240.96278735986772,4.590083307300309,0.0,7201.982183200001,4,7.75,1,,220.8285895003122,255.0,0.0,255.0,349130.0,82.18666831029594,0.9473308166844615,2.614242358863077
ID11782,11782,1,1.1011321544647217,244.94234071180605,3.5746904132158734,0.0,0.0,0,7.75,1,,222.47628083491054,255.0,0.0,255.0,351735.0,79.27777778778831,0.8137403490041046,2.518100038472591
ID11654,11654,1,1.2784987688064575,239.08505977126492,0.0,0.0,9002.477729,5,7.75,1,,150.14231499051036,255.0,0.0,255.0,237375.0,121.07000009704251,0.7432306576835956,1.0574633424866784
ID11910,11910,1,1.1628496646881104,236.29423695764882,5.51685433943761,0.0,12603.468820600001,7,7.75,1,,205.39025932953467,255.0,0.0,255.0,324722.0,98.40547803649363,0.9454287913058868,2.028635627419406
ID11719,11719,1,1.1941957473754883,238.4543497263562,4.481889870698508,0.0,3600.9910916000003,2,7.75,1,,227.44149272611847,255.0,0.0,255.0,359585.0,73.99839990605271,0.93583560119802,2.9717238781317556
ID12360,12360,1,1.1663830280303955,238.40629010614356,5.432023145174137,0.0,25206.937641200002,14,7.75,1,,188.49146110056614,255.0,0.0,255.0,298005.0,109.56507555545032,0.9778708000496955,1.7011127242652075
ID11596,11596,1,1.1872756481170654,241.0165881461133,3.709028364324634,0.0,1800.4955458000002,1,7.75,1,,225.5686274509762,255.0,0.0,255.0,356624.0,75.74486574036739,0.9134470659880736,2.843298299720562
ID12204,12204,1,1.3285093307495117,235.98005899501473,0.0,0.0,18004.955458,10,7.75,1,,125.1783681214408,105.0,0.0,255.0,197907.0,124.0349524549418,0.8517823933389161,0.9284401328117182
ID11534,11534,1,1.3185189962387085,237.36005934001483,0.0,0.0,10802.9732748,6,7.75,1,,152.16129032257862,255.0,0.0,255.0,240567.0,120.52343611311271,0.7739950089052288,1.1016621783407516
ID12309,12309,1,1.1864866018295288,239.80105475884204,3.7336820841225062,0.0,21605.9465496,12,7.75,1,,176.4800759013255,255.0,0.0,255.0,279015.0,114.17506717115725,0.9590835960731274,1.513414520762127
ID12152,12152,1,1.2598609924316406,239.08505977126492,0.0,0.0,19805.4510038,11,7.75,1,,125.18975332068179,105.0,0.0,255.0,197925.0,124.22226678750272,0.7826648057933236,0.8849229209356514
ID12095,12095,1,1.1988391876220703,236.62616521513837,6.569463178833403,0.0,16204.459912200002,9,7.75,1,,202.01328273244434,255.0,0.0,255.0,319383.0,103.05560352738445,0.9538709750476947,1.9139565010567545
ID12097,12097,2,1.4135040044784546,260.85120513349875,38.6879206119206,0.0,16204.459912200002,9,7.75,1,,189.99999999999685,255.0,0.0,255.0,300390.0,111.1657161884717,1.0,1.7091600406537977
ID12037,12037,2,1.3914954662322998,261.2984541527373,37.631883633078296,0.0,14403.964366400001,8,7.75,1,,183.70967741935186,255.0,0.0,255.0,290445.0,114.47712098525511,1.0,1.6047719914533318
ID12261,12261,2,1.3793153762817383,265.06301299858166,40.30682224663049,0.0,23406.4420954,13,7.75,1,,179.99999999999713,255.0,0.0,255.0,284580.0,116.22626339944458,1.0,1.5487033200179205
ID11846,11846,2,1.4317823648452759,262.6666304116115,38.241521618254055,0.0,5401.4866374,3,7.75,1,,254.999999999995,255.0,255.0,255.0,403155.0,5.003803590643346E-12,0.8424606151537857,4.660379845997789E13
ID11976,11976,2,1.4288859367370605,264.32232166891754,36.41697774282141,0.0,7201.982183200001,4,7.75,1,,254.67741935483372,255.0,0.0,255.0,402645.0,9.066752585682789,0.8350410947528081,25.564112833086988
ID11721,11721,2,1.4316388368606567,263.7480091196075,42.86495925186144,0.0,3600.9910916000003,2,7.75,1,,254.67741935483372,255.0,0.0,255.0,402645.0,9.066752585682789,0.8440080155365481,25.71298153635977
ID11913,11913,2,1.3997317552566528,261.74973018204906,36.65352533612303,0.0,12603.468820600001,7,7.75,1,,186.12903225806147,255.0,0.0,255.0,294270.0,113.25634549920088,1.0,1.6434313807112448
ID11658,11658,2,1.4701489210128784,263.4937748992172,35.506465653447805,0.0,9002.477729,5,7.75,1,,230.64516129031827,255.0,0.0,255.0,364650.0,74.97253478324834,0.9821542455625474,3.048697962792085
ID11787,11787,2,1.4297685623168945,266.3201972131491,48.02702161289471,0.0,0.0,0,7.75,1,,254.03225806451115,255.0,0.0,255.0,401625.0,15.684172358021671,0.842948460261153,14.816481729089436
ID12363,12363,2,1.3608168363571167,265.4679738670432,39.92634417619725,0.0,25206.937641200002,14,7.75,1,,171.29032258064254,255.0,0.0,255.0,270810.0,119.78202180653096,1.0,1.430016959116841
ID12206,12206,2,1.4090405702590942,260.1036515077474,39.36909930656759,0.0,18004.955458,10,7.75,1,,191.12903225806133,255.0,0.0,255.0,302175.0,110.52295047023452,1.0,1.7293153272227855
ID11599,11599,2,1.4281256198883057,265.11321368664125,46.58689580209776,0.0,1800.4955458000002,1,7.75,1,,254.67741935483372,255.0,0.0,255.0,402645.0,9.066752585682789,0.8405488484597632,25.655724342793317
ID11538,11538,2,1.3876866102218628,262.3452262041257,34.53252519314393,0.0,10802.9732748,6,7.75,1,,178.06451612902944,255.0,0.0,255.0,281520.0,117.08181013895728,1.0,1.5208555104989878
ID12311,12311,2,1.3859697580337524,264.3657069684063,41.02846691230693,0.0,21605.9465496,12,7.75,1,,182.90322580644866,255.0,0.0,255.0,289170.0,114.8698333049685,1.0,1.59226509296708
ID12154,12154,2,1.395376443862915,262.9030854505344,39.5477349246606,0.0,19805.4510038,11,7.75,1,,187.09677419354531,255.0,0.0,255.0,295800.0,112.74979074203758,1.0,1.6593979728229176
ID12100,12100,3,1.369354009628296,247.40079165550225,76.50978591918424,0.0,16204.459912200002,9,7.75,1,,254.999999999995,255.0,255.0,255.0,403155.0,5.003803590643346E-12,0.7440085212142686,4.3480970468781625E13
ID12263,12263,3,1.4018293619155884,245.733670479869,80.31625885106271,0.0,23406.4420954,13,7.75,1,,254.999999999995,255.0,255.0,255.0,403155.0,5.003803590643346E-12,0.7881325081907498,4.492307376039717E13
ID11849,11849,3,1.2835618257522583,248.69723996650015,77.38268044562409,0.0,5401.4866374,3,7.75,1,,254.999999999995,255.0,255.0,255.0,403155.0,5.003803590643346E-12,0.6566610455311918,4.039964185288364E13
ID12041,12041,3,1.3417948484420776,247.29602001797159,78.41086689361119,0.0,14403.964366400001,8,7.75,1,,254.999999999995,255.0,255.0,255.0,403155.0,5.003803590643346E-12,0.7138869504535891,4.245386093014896E13
ID11979,11979,3,1.2777814865112305,249.7200005840405,77.53246943393366,0.0,7201.982183200001,4,7.75,1,,254.999999999995,255.0,255.0,255.0,403155.0,5.003803590643346E-12,0.6516476126428995,4.021289466404134E13
ID11724,11724,3,1.3017098903656006,249.06320804792193,77.84371774072582,0.0,3600.9910916000003,2,7.75,1,,254.999999999995,255.0,255.0,255.0,403155.0,5.003803590643346E-12,0.6738797069347364,4.1032507326182555E13
ID11916,11916,3,1.2887223958969116,249.9749848305841,77.014100059672,0.0,12603.468820600001,7,7.75,1,,254.999999999995,255.0,255.0,255.0,403155.0,5.003803590643346E-12,0.6614239810586788,4.0576014197901375E13
ID11789,11789,3,1.2950176000595093,251.1240688885494,80.33155945988997,0.0,0.0,0,7.75,1,,254.999999999995,255.0,255.0,255.0,403155.0,5.003803590643346E-12,0.6684782608695597,4.083538529351568E13
ID11661,11661,3,1.275790810585022,248.81858626737758,78.6538357059342,0.0,9002.477729,5,7.75,1,,254.999999999995,255.0,255.0,255.0,403155.0,5.003803590643346E-12,0.6497061293031009,4.0140270757269336E13
ID12365,12365,3,1.401183843612671,247.88721297351682,78.18126131445995,0.0,25206.937641200002,14,7.75,1,,254.83870967741436,255.0,0.0,255.0,402900.0,6.413192049055229,0.787036264174639,35.00116707921657
ID12209,12209,3,1.364351749420166,247.23494608564476,78.309894211508,0.0,18004.955458,10,7.75,1,,254.999999999995,255.0,255.0,255.0,403155.0,5.003803590643346E-12,0.7384533710847593,4.329422327993932E13
ID11602,11602,3,1.2933489084243774,248.12710939303656,77.46236947867399,0.0,1800.4955458000002,1,7.75,1,,254.999999999995,255.0,255.0,255.0,403155.0,5.003803590643346E-12,0.666497031382522,4.076276138674367E13
ID11541,11541,3,1.2836593389511108,248.94063670965045,78.18296228408305,0.0,10802.9732748,6,7.75,1,,254.999999999995,255.0,255.0,255.0,403155.0,5.003803590643346E-12,0.6561024949426781,4.03788921652345E13
ID12313,12313,3,1.396414875984192,246.0998283205089,78.40749933877048,0.0,21605.9465496,12,7.75,1,,254.999999999995,255.0,255.0,255.0,403155.0,5.003803590643346E-12,0.7771345875542653,4.457032907036172E13
ID12156,12156,3,1.3911999464035034,246.67529021604884,78.1177870778633,0.0,19805.4510038,11,7.75,1,,254.999999999995,255.0,255.0,255.0,403155.0,5.003803590643346E-12,0.7691338015487085,4.431095797474741E13
ID12102,12102,4,1.239574670791626,276.51777378063457,109.00644546190816,0.0,16204.459912200002,9,7.75,1,,135.64516129032097,255.0,0.0,255.0,214455.0,127.27982213895645,1.0,1.0657240009514763
ID12265,12265,4,1.2283496856689453,277.07159019985534,105.46151962213433,0.0,23406.4420954,13,7.75,1,,129.8387096774179,255.0,0.0,255.0,205275.0,127.51888386085685,1.0,1.018192017890404
ID12043,12043,4,1.231366515159607,278.7391056446184,108.39458464159165,0.0,14403.964366400001,8,7.75,1,,132.41935483870816,255.0,0.0,255.0,209355.0,127.44537416989559,1.0,1.0390283343056597
ID11852,11852,4,1.256776213645935,288.0317446485301,108.8508721461614,0.0,5401.4866374,3,7.75,1,,136.77419354838545,255.0,0.0,255.0,216240.0,127.20249078818894,1.0,1.0752477620594303
ID11982,11982,4,1.2540268898010254,286.2542792681721,105.71913187227429,0.0,7201.982183200001,4,7.75,1,,135.64516129032097,255.0,0.0,255.0,214455.0,127.27982213895645,1.0,1.0657240009514763
ID11791,11791,4,1.1285626888275146,288.67742734874645,106.49298420911768,0.0,0.0,0,7.75,1,,110.96774193548296,0.0,0.0,255.0,175440.0,126.46363202352568,1.0,0.8774676178432068
ID11727,11727,4,1.1926548480987549,288.4135808742442,111.82011103727324,0.0,3600.9910916000003,2,7.75,1,,126.29032258064382,0.0,0.0,255.0,199665.0,127.53460126652828,1.0,0.9902435991995293
ID11919,11919,4,1.2565062046051025,280.75231465721714,107.77348514021834,0.0,12603.468820600001,7,7.75,1,,137.25806451612738,255.0,0.0,255.0,217005.0,127.16626391072028,1.0,1.0793591027608727
ID12367,12367,4,1.206061840057373,276.0323690882424,103.18328749961232,0.0,25206.937641200002,14,7.75,1,,124.99999999999869,0.0,0.0,255.0,197625.0,127.51582180312575,1.0,0.9802705125720691
ID11664,11664,4,1.2765666246414185,283.7521378190341,107.13134759344184,0.0,9002.477729,5,7.75,1,,141.7741935483853,255.0,0.0,255.0,224145.0,126.73853876001301,1.0,1.1186352228412797
ID12211,12211,4,1.2292876243591309,278.3191375219059,108.15106154617452,0.0,18004.955458,10,7.75,1,,130.48387096774047,255.0,0.0,255.0,206295.0,127.50541025679449,1.0,1.0233594849422263
ID11604,11604,4,1.1215919256210327,287.48742925355424,106.72284508878884,0.0,1800.4955458000002,1,7.75,1,,110.16129032257976,0.0,0.0,255.0,174165.0,126.35552081271656,1.0,0.8718359879649438
ID11544,11544,4,1.2718247175216675,281.40988207363006,106.99753273704161,0.0,10802.9732748,6,7.75,1,,140.32258064515955,255.0,0.0,255.0,221850.0,126.89371981714362,1.0,1.105827623678833
ID12315,12315,4,1.227803349494934,277.6936283271683,104.32212790379562,0.0,21605.9465496,12,7.75,1,,129.51612903225663,255.0,0.0,255.0,204765.0,127.52439537949104,1.0,1.0156184520368712
ID12158,12158,4,1.2270337343215942,277.10316786624406,108.04052338243493,0.0,19805.4510038,11,7.75,1,,129.51612903225663,255.0,0.0,255.0,204765.0,127.52439537949104,1.0,1.0156184520368712
ID11553,11553,6,1.370073914527893,301.63500439076165,218.07624088566664,0.0,10802.9732748,6,7.75,1,,224.19354838709265,255.0,0.0,255.0,354450.0,83.13229800149385,0.8235014631694435,2.435799739551031
ID12321,12321,6,1.3383762836456299,296.79659256507654,198.10117535213146,0.0,21605.9465496,12,7.75,1,,193.54838709677094,255.0,0.0,255.0,306000.0,109.0934843231421,0.8785671909502148,1.6594684013586267
ID12166,12166,6,1.3162987232208252,299.37431283098766,198.63967720853648,0.0,19805.4510038,11,7.75,1,,193.06451612902902,255.0,0.0,255.0,305235.0,109.38515571470731,0.8520898863025852,1.6240426022720496
ID12109,12109,6,1.3515220880508423,300.94924307733635,200.3274381408298,0.0,16204.459912200002,9,7.75,1,,208.0645161290286,255.0,0.0,255.0,328950.0,98.85236216662445,0.8427547795012524,1.9251946350142097
ID12271,12271,6,1.3197696208953857,299.0217929116666,196.1443155436628,0.0,23406.4420954,13,7.75,1,,187.74193548386788,255.0,0.0,255.0,296820.0,112.40618791719002,0.8779672473925942,1.5616775531030107
ID12053,12053,6,1.355346441268921,301.3709484289806,206.6174881146477,0.0,14403.964366400001,8,7.75,1,,210.4838709677382,255.0,0.0,255.0,332775.0,96.82901162799563,0.8360691799849941,1.9796868242463697
ID11862,11862,6,1.378562092781067,300.03273229167297,221.62263043846716,0.0,5401.4866374,3,7.75,1,,239.67741935483414,255.0,0.0,255.0,378930.0,60.62013641652904,0.8038620053592662,3.52385798234768
ID12374,12374,6,1.3055256605148315,300.46375957048804,197.6021562674786,0.0,25206.937641200002,14,7.75,1,,180.80645161290033,255.0,0.0,255.0,285855.0,115.85837265952055,0.8955053302085526,1.474550530800711
ID11735,11735,6,1.374855399131775,302.45643629419175,220.00057617004526,0.0,3600.9910916000003,2,7.75,1,,234.67741935483429,255.0,0.0,255.0,371025.0,69.08161328160779,0.8040519076119292,3.0281256061326607
ID11991,11991,6,1.3671356439590454,299.24745949134285,222.33248434400065,0.0,7201.982183200001,4,7.75,1,,236.2903225806407,255.0,0.0,255.0,373575.0,66.51100480911974,0.7956446369936077,3.14833667806771
ID11800,11800,6,1.3603523969650269,302.2402854936686,227.3589553979218,0.0,0.0,0,7.75,1,,229.9999999999957,255.0,0.0,255.0,363630.0,75.85274708608875,0.796449271329413,2.688621573798674
ID11928,11928,6,1.3661967515945435,302.5024487932448,211.85204992598742,0.0,12603.468820600001,7,7.75,1,,218.54838709677023,255.0,0.0,255.0,345525.0,89.28316335385993,0.8280444657089199,2.21755773507362
ID11673,11673,6,1.3734437227249146,300.6713204466628,218.56429063965126,0.0,9002.477729,5,7.75,1,,232.58064516128596,255.0,0.0,255.0,367710.0,72.23301327946928,0.8071858246047653,2.8763289293187815
ID12219,12219,6,1.3387651443481445,299.3324202370228,199.11703739403183,0.0,18004.955458,10,7.75,1,,202.41935483870617,255.0,0.0,255.0,320025.0,103.19920814551894,0.846122977336584,1.7979538013799308
ID11615,11615,6,1.3672947883605957,305.20016791681127,222.2904933418916,0.0,1800.4955458000002,1,7.75,1,,232.7419354838666,255.0,0.0,255.0,367965.0,71.99766482534103,0.8000501310798187,2.8735504541215606
ID11618,11618,7,1.3929475545883179,326.5973486632046,267.3274582907213,0.0,1800.4955458000002,1,7.75,1,,254.999999999995,255.0,255.0,255.0,403155.0,5.003803590643346E-12,0.7946656923638985,4.5130570636888625E13
ID11555,11555,7,1.347421646118164,334.8174708727114,260.4031632036079,0.0,10802.9732748,6,7.75,1,,254.1935483870918,255.0,0.0,255.0,401880.0,14.322169550344896,0.7539162742075565,15.2580828569203
ID12324,12324,7,1.3902337551116943,339.74891368854225,261.6941026260986,0.0,21605.9465496,12,7.75,1,,240.80645161289863,255.0,0.0,255.0,380715.0,58.481289738599045,0.8167075492684452,3.7022242494103734
ID12169,12169,7,1.378750205039978,337.7932009329744,260.01638393753683,0.0,19805.4510038,11,7.75,1,,236.93548387096325,255.0,0.0,255.0,374595.0,65.44336337412693,0.8035972072683975,3.2262153660320756
ID12112,12112,7,1.3662585020065308,337.9112107838912,261.0436139014069,0.0,16204.459912200002,9,7.75,1,,248.38709677418873,255.0,0.0,255.0,392700.0,40.5413298787539,0.7814438505759203,5.375101576761452
ID12275,12275,7,1.3957074880599976,339.22426355055916,262.8936291279465,0.0,23406.4420954,13,7.75,1,,237.58064516128582,255.0,0.0,255.0,375615.0,64.35154128425505,0.8234868271579286,3.3345414933747484
ID12056,12056,7,1.3622369766235352,336.604763229913,262.99031519300104,0.0,14403.964366400001,8,7.75,1,,249.99999999999514,255.0,0.0,255.0,395250.0,35.36652568800701,0.7731827764461219,6.16461946422868
ID12377,12377,7,1.3674315214157104,333.9537771813391,258.7631130535572,0.0,25206.937641200002,14,7.75,1,,172.58064516128766,255.0,0.0,255.0,272850.0,119.30208696526496,1.0,1.4465852991451429
ID11738,11738,7,1.4030531644821167,331.36611456449936,263.4753813024259,0.0,3600.9910916000003,2,7.75,1,,253.0645161290273,255.0,0.0,255.0,400095.0,22.138479864951723,0.8139437015529842,10.258503615584317
ID11866,11866,7,1.3716304302215576,337.2679100446287,259.5725125893052,0.0,5401.4866374,3,7.75,1,,252.2580645161241,255.0,0.0,255.0,398820.0,26.308042637011834,0.7805130306474801,8.406621989303986
ID11994,11994,7,1.346313238143921,337.3931112257887,260.37637273590656,0.0,7201.982183200001,4,7.75,1,,253.54838709676923,255.0,0.0,255.0,400860.0,19.19080654743689,0.7511669851879074,11.334609209704132
ID11930,11930,7,1.3563472032546997,335.65556084958774,261.66681118799255,0.0,12603.468820600001,7,7.75,1,,253.0645161290273,255.0,0.0,255.0,400095.0,22.138479864951723,0.7621421922790109,9.888001141450879
ID11804,11804,7,1.4240981340408325,325.2323625603311,272.9604538110657,0.0,0.0,0,7.75,1,,253.0645161290273,255.0,0.0,255.0,400095.0,22.138479864951723,0.830633142037862,10.37340628161304
ID11676,11676,7,1.341766595840454,337.38536098971235,261.16684449126774,0.0,9002.477729,5,7.75,1,,253.54838709676923,255.0,0.0,255.0,400860.0,19.19080654743689,0.7483460802637125,11.310263014254716
ID12222,12222,7,1.3715238571166992,338.7433997157878,258.3722997804347,0.0,18004.955458,10,7.75,1,,245.64516129031784,255.0,0.0,255.0,388365.0,47.95232294292612,0.791398505790212,4.526177458345347
ID11808,11808,8,1.4162312746047974,317.8435482413225,312.75246507085103,0.0,0.0,0,7.75,1,,241.61290322580183,255.0,0.0,255.0,381990.0,56.89061843847886,0.8497653408321004,3.902041109473172
ID11872,11872,8,1.3705403804779053,323.6234969334219,308.4019145415452,0.0,5401.4866374,3,7.75,1,,249.51612903225322,255.0,0.0,255.0,394485.0,37.00243610445386,0.7896251929286482,5.9505514385323535
ID12000,12000,8,1.369110345840454,325.48058298476127,304.0888666161959,0.0,7201.982183200001,4,7.75,1,,248.2258064516081,255.0,0.0,255.0,392445.0,41.01943339301612,0.7849747539144146,5.322441298238075
ID11936,11936,8,1.4012166261672974,327.71768986524506,301.4565311044429,0.0,12603.468820600001,7,7.75,1,,237.74193548386646,255.0,0.0,255.0,375870.0,64.07466328026261,0.8345538923744983,3.3757740462075745
ID12224,12224,8,1.4070111513137817,330.96473916071307,295.03478997796503,0.0,18004.955458,10,7.75,1,,211.93548387096396,255.0,0.0,255.0,335070.0,95.56503325939698,0.9079322920708102,2.110693439612478
ID11681,11681,8,1.3779270648956299,326.4968894308743,302.8133802342978,0.0,9002.477729,5,7.75,1,,247.25806451612425,255.0,0.0,255.0,390915.0,43.7660546287943,0.7976926801179122,5.013756288480567
ID11622,11622,8,1.3872919082641602,319.8067680590753,310.9572254498211,0.0,1800.4955458000002,1,7.75,1,,237.58064516128582,255.0,0.0,255.0,375615.0,64.35154128425505,0.821672215743261,3.3305078929554166
ID12327,12327,8,1.316064476966858,335.04401277145706,296.59424007498,0.0,21605.9465496,12,7.75,1,,174.03225806451343,255.0,0.0,255.0,275145.0,118.74307269558851,0.9460140210876238,1.424961321201317
ID11561,11561,8,1.3896199464797974,326.79790619225935,302.28611402588876,0.0,10802.9732748,6,7.75,1,,239.99999999999542,255.0,0.0,255.0,379440.0,60.01898433839523,0.8168620107728197,3.5956660569085863
ID12171,12171,8,1.3041030168533325,331.68513908215624,295.486044841481,0.0,19805.4510038,11,7.75,1,,176.61290322580368,255.0,0.0,255.0,279225.0,117.69849137255552,0.9340543642651711,1.4493891490515518
ID12117,12117,8,1.414020299911499,330.4899136866231,298.4560844914584,0.0,16204.459912200002,9,7.75,1,,226.7741935483829,255.0,0.0,255.0,358530.0,80.03084210500602,0.8799301137781098,2.652605808292415
ID12278,12278,8,1.1743979454040527,337.36236129804917,297.8826498982751,0.0,23406.4420954,13,7.75,1,,138.22580645161122,255.0,0.0,255.0,218535.0,127.08824898395574,0.9588024531655697,1.0647612301662606
ID12059,12059,8,1.409027338027954,328.40518049242905,300.1292581341436,0.0,14403.964366400001,8,7.75,1,,233.22580645160852,255.0,0.0,255.0,368730.0,71.28476672134884,0.855831867206319,3.0175862495226857
ID11743,11743,8,1.385654091835022,321.97614892518743,311.03891441936867,0.0,3600.9910916000003,2,7.75,1,,242.7419354838663,255.0,0.0,255.0,383775.0,54.56582779622404,0.8106440513324717,3.9833748402627047
ID11745,11745,9,1.4481130838394165,302.98300727315535,330.33295405967857,0.0,3600.9910916000003,2,7.75,1,,250.80645161289834,255.0,0.0,255.0,396525.0,32.44124947055858,0.9227894614817036,7.420651222441713
ID11810,11810,9,1.4487767219543457,288.9456228617395,329.2156326443749,0.0,0.0,0,7.75,1,,247.4193548387049,255.0,0.0,255.0,391170.0,43.32188156834489,0.920612148273138,5.47511675711735
ID11874,11874,9,1.45768404006958,303.5002967161012,326.5116850358063,0.0,5401.4866374,3,7.75,1,,251.93548387096283,255.0,0.0,255.0,398310.0,27.794765686936778,0.9235032955082023,8.703658314838076
ID12002,12002,9,1.4454814195632935,304.0449979806365,329.44730922453687,0.0,7201.982183200001,4,7.75,1,,253.22580645160795,255.0,0.0,255.0,400350.0,21.20273428594686,0.899529270525722,11.311374918699729
ID11683,11683,9,1.4618983268737793,305.475063287111,329.3753624112001,0.0,9002.477729,5,7.75,1,,251.12903225805962,255.0,0.0,255.0,397035.0,31.188581948145522,0.9047138029528586,7.6491429429371385
ID11939,11939,9,1.4666675329208374,306.2673609852264,327.26379006718787,0.0,12603.468820600001,7,7.75,1,,245.16129032257592,255.0,0.0,255.0,387600.0,49.12837659325039,0.9289285283389129,4.8063527891738005
ID12227,12227,9,1.3357099294662476,319.87660670044335,325.0389725316421,0.0,18004.955458,10,7.75,1,,187.58064516128724,255.0,0.0,255.0,296565.0,112.49253412003662,0.937270766085308,1.61350036186528
ID11624,11624,9,1.4499669075012207,297.41915662637916,327.658330274496,0.0,1800.4955458000002,1,7.75,1,,251.12903225805962,255.0,0.0,255.0,397035.0,31.188581948145522,0.9148925142894255,7.694084690639484
ID12330,12330,9,1.3279772996902466,318.71560529662224,320.606458177016,0.0,21605.9465496,12,7.75,1,,183.8709677419325,255.0,0.0,255.0,290700.0,114.39773410337294,0.9413515387043537,1.5587389496469648
ID11563,11563,9,1.465667963027954,306.1382282746235,328.3484817764631,0.0,10802.9732748,6,7.75,1,,250.6451612903177,255.0,0.0,255.0,396270.0,33.04860187283798,0.9154948663118093,7.249551681661775
ID12174,12174,9,1.4016185998916626,316.5177987258596,324.2097078768461,0.0,19805.4510038,11,7.75,1,,206.29032258064154,255.0,0.0,255.0,326145.0,100.2731009462475,0.9272501157279931,1.9796263264042027
ID12120,12120,9,1.3602803945541382,317.67413417626574,323.88773845584876,0.0,16204.459912200002,9,7.75,1,,192.5806451612871,255.0,0.0,255.0,304470.0,109.67391531764922,0.9383430780472753,1.7000836551609313
ID12281,12281,9,1.305907964706421,320.05637624479795,324.1987549067638,0.0,23406.4420954,13,7.75,1,,173.38709677419087,255.0,0.0,255.0,274125.0,118.99403531688402,0.9549300582343608,1.423514572834734
ID12062,12062,9,1.4471138715744019,308.87489733088654,327.18643489974704,0.0,14403.964366400001,8,7.75,1,,226.45161290322162,255.0,0.0,255.0,358020.0,80.42959633949073,0.9335118126925559,2.7187076740132046
ID12382,12382,9,1.2428483963012695,320.60354070777987,328.48317008007217,0.0,25206.937641200002,14,7.75,1,,154.99999999999784,255.0,0.0,255.0,245055.0,124.53838816438132,0.980761100740808,1.2325075466267126
ID12064,12064,10,1.4449491500854492,340.9736729734085,355.1808400625122,0.0,14403.964366400001,8,7.75,1,,246.12903225805977,255.0,0.0,255.0,389130.0,46.74167953723659,0.8839686107107809,4.941419301926978
ID11811,11811,10,1.4442124366760254,317.91188658953496,348.68065403181026,0.0,0.0,0,7.75,1,,254.51612903225308,255.0,0.0,255.0,402390.0,11.100941877865104,0.8638959045267252,21.25324444611513
ID11748,11748,10,1.4371381998062134,329.69822647528883,351.7921982369594,0.0,3600.9910916000003,2,7.75,1,,254.03225806451115,255.0,0.0,255.0,401625.0,15.684172358021671,0.8558793261030683,14.938949535810695
ID11877,11877,10,1.4253493547439575,331.0936028179008,352.83453404300843,0.0,5401.4866374,3,7.75,1,,254.999999999995,255.0,255.0,255.0,403155.0,5.003803590643346E-12,0.8290821076149663,4.619917955081957E13
ID12005,12005,10,1.4174540042877197,333.2027571215418,355.6127759924982,0.0,7201.982183200001,4,7.75,1,,254.999999999995,255.0,255.0,255.0,403155.0,5.003803590643346E-12,0.8102082181684138,4.561818829664352E13
ID11941,11941,10,1.433575987815857,340.33352509022524,352.8691951103267,0.0,12603.468820600001,7,7.75,1,,254.999999999995,255.0,255.0,255.0,403155.0,5.003803590643346E-12,0.848353715898398,4.6780170804995625E13
ID12229,12229,10,1.443471908569336,342.6866366600723,354.5279119171706,0.0,18004.955458,10,7.75,1,,230.322580645157,255.0,0.0,255.0,364140.0,75.41461549526366,0.915796658332229,2.9198506343447894
ID11686,11686,10,1.4166743755340576,337.1047429560177,357.56748243301894,0.0,9002.477729,5,7.75,1,,254.999999999995,255.0,255.0,255.0,403155.0,5.003803590643346E-12,0.8082090925823637,4.555593923369609E13
ID11627,11627,10,1.4404714107513428,325.61079160568244,351.7213955242288,0.0,1800.4955458000002,1,7.75,1,,253.0645161290273,255.0,0.0,255.0,400095.0,22.138479864951723,0.8553680509714567,10.539897899736296
ID12331,12331,10,1.4222334623336792,343.6737217838332,351.40536186652514,0.0,21605.9465496,12,7.75,1,,215.96774193547998,255.0,0.0,255.0,341445.0,91.84249504160645,0.9277130468577337,2.2633227422595255
ID11566,11566,10,1.4238253831863403,340.25943638585505,355.1147824163481,0.0,10802.9732748,6,7.75,1,,254.999999999995,255.0,255.0,255.0,403155.0,5.003803590643346E-12,0.819259259259256,4.589830907990698E13
ID12175,12175,10,1.43611741065979,343.0962620688154,353.00711653897105,0.0,19805.4510038,11,7.75,1,,246.93548387096297,255.0,0.0,255.0,390405.0,44.63939495412376,0.8698811213858278,5.146845197349083
ID12122,12122,10,1.4487876892089844,342.35550993049367,353.19377059210046,0.0,16204.459912200002,9,7.75,1,,238.06451612902774,255.0,0.0,255.0,376380.0,63.516057071586204,0.9076496093851738,3.5666521103498945
ID12282,12282,10,1.3966113328933716,342.1544927447798,353.51878532631946,0.0,23406.4420954,13,7.75,1,,196.45161290322247,255.0,0.0,255.0,310590.0,107.2809618593172,0.9560632387263382,1.7900561917836182
ID12383,12383,10,1.2731921672821045,342.76371111936083,354.8013660714715,0.0,25206.937641200002,14,7.75,1,,158.3870967741913,255.0,0.0,255.0,250410.0,123.74135207418635,0.9876220299763699,1.272014037352459
ID12384,12384,11,1.1466917991638184,286.7064037267957,355.7043825126171,0.0,25206.937641200002,14,7.75,1,,121.93548387096652,0.0,0.0,255.0,192780.0,127.41881858150302,1.0,0.9569660528046012
ID11746,11746,11,1.4140305519104004,286.61363107933244,349.2137459507488,0.0,3600.9910916000003,2,7.75,1,,241.9354838709631,255.0,0.0,255.0,382500.0,56.2385145481224,0.8580638913728614,3.9733306490777007
ID11875,11875,11,1.4081562757492065,286.7499917467332,348.37599330577854,0.0,5401.4866374,3,7.75,1,,246.6129032258017,255.0,0.0,255.0,389895.0,45.49368503106083,0.8350536647879432,4.933558611019314
ID12003,12003,11,1.3875386714935303,286.62944001356766,348.67291282499554,0.0,7201.982183200001,4,7.75,1,,249.0322580645113,255.0,0.0,255.0,393720.0,38.562946691000846,0.8156715136026398,5.80220949702502
ID11684,11684,11,1.3979618549346924,285.7772417040217,351.8061919394842,0.0,9002.477729,5,7.75,1,,247.74193548386617,255.0,0.0,255.0,391680.0,42.41774400088744,0.8179113432242411,5.255517503842766
ID11940,11940,11,1.352778673171997,287.12724167552034,349.6869564695675,0.0,12603.468820600001,7,7.75,1,,178.54838709677136,255.0,0.0,255.0,282285.0,116.87151754342787,0.9867141570789777,1.5175157828586288
ID12228,12228,11,1.164994239807129,287.0859633857068,352.58836579626984,0.0,18004.955458,10,7.75,1,,128.87096774193407,255.0,0.0,255.0,203745.0,127.53296837948675,1.0,1.0104913998274232
ID11813,11813,11,1.422226071357727,285.09460731069527,354.568305772971,0.0,0.0,0,7.75,1,,243.22580645160824,255.0,0.0,255.0,384540.0,53.53130154402893,0.8539827311425716,4.1857689198691395
ID11626,11626,11,1.4192157983779907,288.23161110011995,351.5420094944434,0.0,1800.4955458000002,1,7.75,1,,248.2258064516081,255.0,0.0,255.0,392445.0,41.01943339301612,0.8448927594803227,5.542653517394763
ID12332,12332,11,1.1322749853134155,286.90933505090027,354.9231186980958,0.0,21605.9465496,12,7.75,1,,121.77419354838588,0.0,0.0,255.0,192525.0,127.41166805434283,1.0,0.955753859971816
ID11565,11565,11,1.3905078172683716,286.19907958912523,354.4885641268452,0.0,10802.9732748,6,7.75,1,,231.45161290322147,255.0,0.0,255.0,365925.0,73.84958862096352,0.830438659236763,2.843770245197271
ID12176,12176,11,1.1499550342559814,287.0149201622262,353.16289507653636,0.0,19805.4510038,11,7.75,1,,124.67741935483741,0.0,0.0,255.0,197115.0,127.50908501727885,1.0,0.9777924399500026
ID12121,12121,11,1.221925973892212,287.94353278149566,350.51914256559087,0.0,16204.459912200002,9,7.75,1,,143.38709677419172,255.0,0.0,255.0,226695.0,126.54635188409348,1.0,1.1330796553149398
ID12283,12283,11,1.1315135955810547,287.187032165601,356.26166123649915,0.0,23406.4420954,13,7.75,1,,119.8387096774182,0.0,0.0,255.0,189465.0,127.30988275639858,1.0,0.9413150580518865
ID12063,12063,11,1.303853988647461,288.304509655922,349.85441091642065,0.0,14403.964366400001,8,7.75,1,,162.58064516128795,255.0,0.0,255.0,257040.0,122.61773202694548,1.0,1.3259146330121367
ID12288,12288,12,1.2359163761138916,337.50002374538775,394.54171813306164,0.0,23406.4420954,13,7.75,1,,223.70967741935073,255.0,0.0,255.0,353685.0,83.69216401600254,0.6692014007392711,2.1432758507407064
ID12388,12388,12,1.3341156244277954,338.3221430631572,391.7983696353005,0.0,25206.937641200002,14,7.75,1,,212.41935483870589,255.0,0.0,255.0,335835.0,95.13505046871339,0.8218968826885092,2.0145454444156794
ID12069,12069,12,1.1233999729156494,340.1231913041367,394.1788816670798,0.0,14403.964366400001,8,7.75,1,,179.19354838709393,255.0,0.0,255.0,283305.0,116.58741158731434,0.6410538925108739,1.2008047652041614
ID11751,11751,12,1.2691024541854858,334.17573162203416,386.9976189670945,0.0,3600.9910916000003,2,7.75,1,,250.96774193547898,255.0,0.0,255.0,396780.0,31.82148938385478,0.6852193018962621,6.41358063815515
ID11880,11880,12,1.188585877418518,335.42623930080424,387.3714635363118,0.0,5401.4866374,3,7.75,1,,252.09677419354347,255.0,0.0,255.0,398565.0,27.062096824236303,0.5973734473503465,6.967472998906896
ID12008,12008,12,1.2014981508255005,338.3326223507468,386.57711968106275,0.0,7201.982183200001,4,7.75,1,,249.51612903225322,255.0,0.0,255.0,394485.0,37.00243610445386,0.6327729327427913,5.226613717032895
ID11817,11817,12,1.3078620433807373,331.7875881810736,384.67033225198134,0.0,0.0,0,7.75,1,,248.06451612902745,255.0,0.0,255.0,392190.0,41.49140081226313,0.7324343680179156,5.055317863601639
ID11689,11689,12,1.1520296335220337,336.83496921328816,389.8541836795906,0.0,9002.477729,5,7.75,1,,250.16129032257578,255.0,0.0,255.0,395505.0,34.80264313190707,0.584141023573684,5.301048067941419
ID11946,11946,12,1.2038263082504272,340.0425089331523,391.9062920530477,0.0,12603.468820600001,7,7.75,1,,245.4838709677372,255.0,0.0,255.0,388110.0,48.348057955246986,0.6317955567128624,3.9317395902345775
ID12234,12234,12,1.2081830501556396,337.0415409552783,395.3317636539397,0.0,18004.955458,10,7.75,1,,221.93548387096368,255.0,0.0,255.0,350880.0,85.69033673477297,0.6341803707454398,2.010192723316957
ID11629,11629,12,1.2485319375991821,334.82417586063406,385.35433559153444,0.0,1800.4955458000002,1,7.75,1,,250.32258064515642,255.0,0.0,255.0,395760.0,34.22871216723128,0.6734283122483454,5.88604695511739
ID11569,11569,12,1.2412980794906616,339.8118690162277,388.4909778095485,0.0,10802.9732748,6,7.75,1,,253.0645161290273,255.0,0.0,255.0,400095.0,22.138479864951723,0.6810189333969313,9.261898859212726
ID12337,12337,12,1.245388388633728,338.0582341794246,394.1910376283401,0.0,21605.9465496,12,7.75,1,,221.6129032258024,255.0,0.0,255.0,350370.0,86.04472305171916,0.6876774645108439,2.098921223787987
ID12180,12180,12,1.2364965677261353,339.05077108167893,394.3854428269843,0.0,19805.4510038,11,7.75,1,,221.45161290322176,255.0,0.0,255.0,350115.0,86.22091712347026,0.6752256024624925,2.0704836465734173
ID12126,12126,12,1.1895296573638916,339.15275844700324,393.4942297229551,0.0,16204.459912200002,9,7.75,1,,206.29032258064154,255.0,0.0,255.0,326145.0,100.2731009462475,0.6482581446795598,1.6182557410356266
ID11571,11571,13,1.2865633964538574,280.1889592361622,393.46017933606,0.0,10802.9732748,6,7.75,1,,240.80645161289863,255.0,0.0,255.0,380715.0,58.481289738599045,0.741019829530653,3.5051554572365955
ID12070,12070,13,1.3228195905685425,282.1836191088335,394.20011346447455,0.0,14403.964366400001,8,7.75,1,,240.16129032257606,255.0,0.0,255.0,379695.0,59.71548508419064,0.794420882106225,3.5610033010439532
ID11753,11753,13,1.1758790016174316,277.8236147364732,390.0139634511154,0.0,3600.9910916000003,2,7.75,1,,238.38709677418902,255.0,0.0,255.0,376890.0,62.95084025727992,0.637951905833625,2.9498368889401614
ID12233,12233,13,1.2246936559677124,285.1558120835842,394.22679343768647,0.0,18004.955458,10,7.75,1,,238.22580645160838,255.0,0.0,255.0,376635.0,63.23428602065691,0.6824863146250545,3.0563887260697395
ID11882,11882,13,1.1895602941513062,278.4867954523771,390.7339319324913,0.0,5401.4866374,3,7.75,1,,238.87096774193094,255.0,0.0,255.0,377655.0,62.0902246602984,0.664936504125676,3.072929762807291
ID12010,12010,13,1.3080092668533325,277.0504901750215,391.7630219262081,0.0,7201.982183200001,4,7.75,1,,241.77419354838247,255.0,0.0,255.0,382245.0,56.56573630281306,0.7890990185100127,3.7703669524865804
ID11819,11819,13,1.0329993963241577,272.5949083758257,394.67211934836166,0.0,0.0,0,7.75,1,,198.87096774193208,255.0,0.0,255.0,314415.0,105.68585428445327,0.5217288398772805,1.2903041471724594
ID11691,11691,13,1.2809433937072754,278.8604178557999,393.3371547292319,0.0,9002.477729,5,7.75,1,,240.16129032257606,255.0,0.0,255.0,379695.0,59.71548508419064,0.7332417022526984,3.4027815284340623
ID11947,11947,13,1.2692945003509521,281.7815320788707,393.25364596296,0.0,12603.468820600001,7,7.75,1,,242.7419354838663,255.0,0.0,255.0,383775.0,54.56582779622404,0.7232293510488608,3.7341092300053984
ID11630,11630,13,1.1382123231887817,275.76196039953203,387.0946611466568,0.0,1800.4955458000002,1,7.75,1,,242.09677419354375,255.0,0.0,255.0,382755.0,55.908912094697186,0.5729788324828955,3.1546679718091943
ID12127,12127,13,1.2963634729385376,283.2382842489536,394.5293984569129,0.0,16204.459912200002,9,7.75,1,,237.25806451612453,255.0,0.0,255.0,375105.0,64.90055055098416,0.7723589300871883,3.1861784244000733
ID12128,12128,14,1.1934244632720947,326.5991632993537,396.5280059539937,0.0,16204.459912200002,9,7.75,1,,205.16129032257706,255.0,0.0,255.0,324360.0,101.15060794653748,0.6425580107795656,1.5868962936446593
ID12386,12386,14,1.099290132522583,311.84007138327405,387.13483095188616,0.0,25206.937641200002,14,7.75,1,,153.70967741935272,255.0,0.0,255.0,243015.0,124.81649249475187,0.6963507955875107,1.0110476915566793
ID12071,12071,14,1.2265292406082153,325.831167389247,397.2600524664721,0.0,14403.964366400001,8,7.75,1,,195.16129032257734,255.0,0.0,255.0,308550.0,108.09991238467516,0.6815273937954957,1.4634493785990532
ID11883,11883,14,1.1883544921875,331.2340564198589,394.213052514318,0.0,5401.4866374,3,7.75,1,,251.29032258064026,255.0,0.0,255.0,397290.0,30.54170982770436,0.5939765903246347,6.131966914532377
ID12011,12011,14,1.176013708114624,328.55220520926736,396.9768779643034,0.0,7201.982183200001,4,7.75,1,,234.83870967741493,255.0,0.0,255.0,371280.0,68.83057474407916,0.6182904487362988,2.60707996338087
ID12235,12235,14,1.1153885126113892,324.9572716032954,396.5320262817398,0.0,18004.955458,10,7.75,1,,190.6451612903194,255.0,0.0,255.0,301410.0,110.80028771007714,0.5602620634777893,1.2356872397249803
ID11820,11820,14,1.2123116254806519,331.45251404560565,403.5385661983396,0.0,0.0,0,7.75,1,,189.8387096774162,255.0,0.0,255.0,300135.0,111.25630083413627,0.6713754792999194,1.3708236931470645
ID11756,11756,14,1.1778725385665894,329.55637935986294,404.7110081210945,0.0,3600.9910916000003,2,7.75,1,,192.09677419354517,255.0,0.0,255.0,303705.0,109.95978607144522,0.6249707306545199,1.3437866340510694
ID11692,11692,14,1.1344162225723267,328.5387998075454,398.1116574805635,0.0,9002.477729,5,7.75,1,,241.61290322580183,255.0,0.0,255.0,381990.0,56.89061843847886,0.5670126804028581,3.073475285376683
ID11949,11949,14,1.1661604642868042,327.31014233668884,397.71023789318247,0.0,12603.468820600001,7,7.75,1,,229.5161290322538,255.0,0.0,255.0,362865.0,76.50268812481805,0.6053093115631963,2.2624820416778455
ID12335,12335,14,1.1900948286056519,311.3869137075785,387.6810451823717,0.0,21605.9465496,12,7.75,1,,228.54838709676994,255.0,0.0,255.0,361335.0,77.7772441924317,0.6379850980459472,2.2890548198857728
ID11632,11632,14,1.1787493228912354,330.4880784608154,400.7924165339036,0.0,1800.4955458000002,1,7.75,1,,210.80645161289948,255.0,0.0,255.0,333285.0,96.55144485016203,0.6153319030984579,1.6634232925895882
ID11573,11573,14,1.190632939338684,326.7004764002375,399.1559664388274,0.0,10802.9732748,6,7.75,1,,218.70967741935087,255.0,0.0,255.0,345780.0,89.11828202506175,0.6357952515149786,1.9077414979594158
ID12181,12181,14,1.1450399160385132,325.9234780338521,398.00588353850196,0.0,19805.4510038,11,7.75,1,,192.90322580644838,255.0,0.0,255.0,304980.0,109.48173130521891,0.6065584260914956,1.3304665039408647
ID12286,12286,14,1.1911884546279907,310.6576826336913,387.6861429819234,0.0,23406.4420954,13,7.75,1,,217.74193548386702,255.0,0.0,255.0,344250.0,90.09871066975872,0.6469877314167103,1.898712369903926
ID12129,12129,15,1.3055936098098755,298.35548286934903,408.14342353171463,0.0,16204.459912200002,9,7.75,1,,185.4838709677389,255.0,0.0,255.0,293250.0,113.5882104070953,0.9061065054894016,1.552512030237372
ID12289,12289,15,1.338290810585022,298.2333824725094,408.14576222071514,0.0,23406.4420954,13,7.75,1,,177.74193548386816,255.0,0.0,255.0,281010.0,117.2206852767784,0.991855250574132,1.5101015962750945
ID12389,12389,15,1.3205615282058716,296.32836658974543,407.0259829448626,0.0,25206.937641200002,14,7.75,1,,171.1290322580619,255.0,0.0,255.0,270555.0,119.84090106464464,0.9903393745340778,1.4210374909789045
ID12073,12073,15,1.3154795169830322,297.93892607746204,407.8015240894525,0.0,14403.964366400001,8,7.75,1,,184.35483870967442,255.0,0.0,255.0,291465.0,114.15787407065343,0.9309441132149633,1.5571576003629195
ID11754,11754,15,1.231829285621643,294.47942661623586,400.2060918650647,0.0,3600.9910916000003,2,7.75,1,,188.38709677419044,255.0,0.0,255.0,297840.0,112.05781480431156,0.7334513296796324,1.422651897829397
ID12012,12012,15,1.3094267845153809,294.28025049223015,405.0849351565472,0.0,7201.982183200001,4,7.75,1,,190.9677419354807,255.0,0.0,255.0,301920.0,110.61570880624299,0.9156373673609531,1.6503779401586445
ID12236,12236,15,1.2303134202957153,297.01415647542353,408.84635308241906,0.0,18004.955458,10,7.75,1,,174.19354838709407,255.0,0.0,255.0,275400.0,118.67970077511931,0.8042719223242297,1.3085385922635484
ID11821,11821,15,1.1733299493789673,285.1672572078706,412.9187272778737,0.0,0.0,0,7.75,1,,246.93548387096297,255.0,0.0,255.0,390405.0,44.63939495412376,0.6032799533615847,4.1629838796384835
ID11885,11885,15,1.3246532678604126,292.6323827854398,405.6614994094078,0.0,5401.4866374,3,7.75,1,,200.64516129031912,255.0,0.0,255.0,317220.0,104.46500817905981,0.8872063867923009,1.8058975375406963
ID11694,11694,15,1.2285089492797852,295.2460870872505,407.6337790018622,0.0,9002.477729,5,7.75,1,,194.83870967741606,255.0,0.0,255.0,308040.0,108.30127887952825,0.7640494232654153,1.5584122705763959
ID11950,11950,15,1.2890903949737549,297.2071853794139,407.76129345726855,0.0,12603.468820600001,7,7.75,1,,189.032258064513,255.0,0.0,255.0,298860.0,111.70462677213771,0.8695857618441538,1.5742068008037713
ID11633,11633,15,1.16472589969635,291.43448925597176,411.91461083436656,0.0,1800.4955458000002,1,7.75,1,,231.1290322580602,255.0,0.0,255.0,365415.0,74.30185474549128,0.5914340289525837,2.3120781535394204
ID12338,12338,15,1.3188575506210327,299.2889055524781,406.9161537216941,0.0,21605.9465496,12,7.75,1,,176.93548387096496,255.0,0.0,255.0,279735.0,117.56328061499096,0.9739376940729636,1.485152228845866
ID11574,11574,15,1.1758294105529785,293.98051030342276,409.2802284333366,0.0,10802.9732748,6,7.75,1,,190.48387096773877,255.0,0.0,255.0,301155.0,110.89210983879609,0.7049422579579965,1.4204679115611274
ID12182,12182,15,1.2191452980041504,297.8871889822385,407.4978641062755,0.0,19805.4510038,11,7.75,1,,172.41935483870702,255.0,0.0,255.0,272595.0,119.36294764592303,0.7646290035926507,1.2518256058457138
ID12133,12133,16,1.1980432271957397,280.08258298479666,434.9416307037204,0.0,16204.459912200002,9,7.75,1,,254.999999999995,255.0,255.0,255.0,403155.0,5.003803590643346E-12,0.5873323638713783,3.7712557302319414E13
ID12293,12293,16,1.402990698814392,277.2817607700295,435.33280581109693,0.0,23406.4420954,13,7.75,1,,213.38709677418973,255.0,0.0,255.0,337365.0,94.26174538766038,0.9341241765522057,2.1866684158781355
ID12393,12393,16,1.324041485786438,278.3775717811496,434.298964739917,0.0,25206.937641200002,14,7.75,1,,192.74193548386774,255.0,0.0,255.0,304725.0,109.577984223007,0.8987403600717967,1.6651431214297656
ID12077,12077,16,1.2029731273651123,279.246278892559,433.1501536995352,0.0,14403.964366400001,8,7.75,1,,254.999999999995,255.0,255.0,255.0,403155.0,5.003803590643346E-12,0.5935117599351113,3.796155355410915E13
ID11823,11823,16,1.17048978805542,274.6280180700907,431.6863086380092,0.0,0.0,0,7.75,1,,254.83870967741436,255.0,0.0,255.0,402900.0,6.413192049055229,0.5940829046513261,29.618107059213674
ID11760,11760,16,1.2267255783081055,280.4301335081402,429.3556121724933,0.0,3600.9910916000003,2,7.75,1,,254.999999999995,255.0,255.0,255.0,403155.0,5.003803590643346E-12,0.6297279362972734,3.9382907158075555E13
ID12016,12016,16,1.20265531539917,279.64821146942774,429.4310045004941,0.0,7201.982183200001,4,7.75,1,,254.999999999995,255.0,255.0,255.0,403155.0,5.003803590643346E-12,0.5948051948051886,3.801342777323201E13
ID11889,11889,16,1.2090765237808228,278.67662623931227,430.66156920308276,0.0,5401.4866374,3,7.75,1,,254.999999999995,255.0,255.0,255.0,403155.0,5.003803590643346E-12,0.6028715940610151,3.833504793179375E13
ID12241,12241,16,1.210965633392334,278.88737466977926,436.72240718293267,0.0,18004.955458,10,7.75,1,,254.999999999995,255.0,255.0,255.0,403155.0,5.003803590643346E-12,0.6002606287668938,3.823129949354802E13
ID11698,11698,16,1.1787440776824951,280.29220281225696,428.9403076502655,0.0,9002.477729,5,7.75,1,,254.999999999995,255.0,255.0,255.0,403155.0,5.003803590643346E-12,0.5730984787830199,3.713156604814336E13
ID11954,11954,16,1.1818889379501343,280.51855220239725,430.31631010379255,0.0,12603.468820600001,7,7.75,1,,254.999999999995,255.0,255.0,255.0,403155.0,5.003803590643346E-12,0.5741067136676749,3.717306542344165E13
ID11636,11636,16,1.2068668603897095,277.2923862633791,429.71162474298063,0.0,1800.4955458000002,1,7.75,1,,254.999999999995,255.0,255.0,255.0,403155.0,5.003803590643346E-12,0.6224607762179957,3.91027863748121E13
ID12343,12343,16,1.2987897396087646,278.568484406231,434.4593115015683,0.0,21605.9465496,12,7.75,1,,254.83870967741436,255.0,0.0,255.0,402900.0,6.413192049055229,0.7003754713932376,32.73461549184693
ID11578,11578,16,1.1748840808868408,280.149881022149,429.93901380260934,0.0,10802.9732748,6,7.75,1,,254.999999999995,255.0,255.0,255.0,403155.0,5.003803590643346E-12,0.5743589743589677,3.718344026726622E13
ID12187,12187,16,1.2218104600906372,278.8796229528727,434.75668979690187,0.0,19805.4510038,11,7.75,1,,254.999999999995,255.0,255.0,255.0,403155.0,5.003803590643346E-12,0.609700147468452,3.860479387123263E13
ID12135,12135,17,1.3851423263549805,302.8422341223703,462.18873140908573,0.0,16204.459912200002,9,7.75,1,,226.93548387096354,255.0,0.0,255.0,358785.0,79.83022895675123,0.845484877493879,2.604716025773777
ID12295,12295,17,1.214307188987732,299.0888438380668,463.17605358152116,0.0,23406.4420954,13,7.75,1,,151.2903225806431,255.0,0.0,255.0,239190.0,125.30044334514713,0.9809670565149607,1.1958197075649615
ID12394,12394,17,1.3173136711120605,298.51356907723374,463.50388410040705,0.0,25206.937641200002,14,7.75,1,,175.64516129031983,255.0,0.0,255.0,277695.0,118.09790493078597,0.9662928658783356,1.4617885720001051
ID12079,12079,17,1.4126348495483398,302.8615475039881,462.38539473817883,0.0,14403.964366400001,8,7.75,1,,231.29032258064083,255.0,0.0,255.0,365670.0,74.07624254837721,0.875796965807713,2.9155877690336944
ID11825,11825,17,1.3781899213790894,274.5722615122106,455.4479487114165,0.0,0.0,0,7.75,1,,235.32258064515685,255.0,0.0,255.0,372045.0,68.06961014457934,0.8430562202756504,3.1627021134120863
ID11762,11762,17,1.373236060142517,288.9324215392714,457.4528637639979,0.0,3600.9910916000003,2,7.75,1,,238.87096774193094,255.0,0.0,255.0,377655.0,62.0902246602984,0.8114288510254797,3.4466667791638157
ID12018,12018,17,1.3884875774383545,299.8817522130954,460.45048171452436,0.0,7201.982183200001,4,7.75,1,,238.87096774193094,255.0,0.0,255.0,377655.0,62.0902246602984,0.8319833127126206,3.494324519504581
ID12242,12242,17,1.3011691570281982,300.19238489825767,462.8009050857607,0.0,18004.955458,10,7.75,1,,167.25806451612652,255.0,0.0,255.0,264435.0,121.18099944454354,0.9827684326155717,1.3682382734441378
ID11891,11891,17,1.3945629596710205,299.4706631838641,459.8074111219071,0.0,5401.4866374,3,7.75,1,,237.0967741935439,255.0,0.0,255.0,374850.0,65.17272179986341,0.8441391072757071,3.330505269955441
ID11700,11700,17,1.411584496498108,303.4655340921316,461.92710391213177,0.0,9002.477729,5,7.75,1,,239.67741935483414,255.0,0.0,255.0,378930.0,60.62013641652904,0.8501255809815441,3.633474217692431
ID11956,11956,17,1.4185975790023804,302.6299351852742,462.79731419537876,0.0,12603.468820600001,7,7.75,1,,238.54838709676966,255.0,0.0,255.0,377145.0,62.66569705657945,0.8603266228296403,3.5208762942164924
ID11637,11637,17,1.3577450513839722,278.95206270128193,455.5808390496729,0.0,1800.4955458000002,1,7.75,1,,237.25806451612453,255.0,0.0,255.0,375105.0,64.90055055098416,0.7946298098148161,3.237371758537085
ID12344,12344,17,1.1646795272827148,300.4814806660308,463.2670067297797,0.0,21605.9465496,12,7.75,1,,140.9677419354821,255.0,0.0,255.0,222870.0,126.82682640304122,0.9882845064264779,1.104948590274065
ID11580,11580,17,1.4189915657043457,303.9753692382049,464.4039487363524,0.0,10802.9732748,6,7.75,1,,237.58064516128582,255.0,0.0,255.0,375615.0,64.35154128425505,0.8601755441405563,3.4144067816775108
ID12188,12188,17,1.205902338027954,299.76216002298,462.59994763199813,0.0,19805.4510038,11,7.75,1,,147.09677419354645,255.0,0.0,255.0,232560.0,126.02484734295875,0.9894680955239071,1.1610255601709731
ID12297,12297,18,1.4415867328643799,306.23589207802814,489.83178255735237,0.0,23406.4420954,13,7.75,1,,227.5806451612861,255.0,0.0,255.0,359805.0,79.01938941572189,0.9156621127935236,2.7532648173958187
ID12138,12138,18,1.410216212272644,303.10915643676725,484.20580647940324,0.0,16204.459912200002,9,7.75,1,,241.61290322580183,255.0,0.0,255.0,381990.0,56.89061843847886,0.8567760421562337,3.9193789405941337
ID12397,12397,18,1.438207983970642,311.52889265160474,493.060388000491,0.0,25206.937641200002,14,7.75,1,,214.5161290322542,255.0,0.0,255.0,339150.0,93.21984644556835,0.9648135911917579,2.2599749376053544
ID12082,12082,18,1.4239251613616943,303.1541341434057,485.7835509307521,0.0,14403.964366400001,8,7.75,1,,241.61290322580183,255.0,0.0,255.0,381990.0,56.89061843847886,0.8653341093965139,3.9403668414247717
ID11827,11827,18,1.3652939796447754,279.6277374112398,477.07234691153405,0.0,0.0,0,7.75,1,,234.19354838709236,255.0,0.0,255.0,370260.0,69.82707743533594,0.8241077734550751,3.0305019917666147
ID12245,12245,18,1.4393894672393799,303.13248685972195,487.4881347197577,0.0,18004.955458,10,7.75,1,,236.45161290322133,255.0,0.0,255.0,373830.0,66.2462969989089,0.8888591026532172,3.359263182021709
ID12022,12022,18,1.38541579246521,298.74429870214016,483.2212519592211,0.0,7201.982183200001,4,7.75,1,,244.83870967741464,255.0,0.0,255.0,387090.0,49.894406671169264,0.816650367427246,4.411873240142064
ID11639,11639,18,1.3635120391845703,284.78794407304275,476.0588782033289,0.0,1800.4955458000002,1,7.75,1,,237.0967741935439,255.0,0.0,255.0,374850.0,65.17272179986341,0.8069289834748187,3.2492566233821054
ID11895,11895,18,1.3918691873550415,293.3973928917179,482.3170025043485,0.0,5401.4866374,3,7.75,1,,248.54838709676937,255.0,0.0,255.0,392955.0,40.056870555822215,0.8222551821986245,5.599656065470784
ID11959,11959,18,1.4227522611618042,303.1322607727071,487.6334097821608,0.0,12603.468820600001,7,7.75,1,,246.93548387096297,255.0,0.0,255.0,390405.0,44.63939495412376,0.8513229710591053,5.08753440869277
ID11768,11768,18,1.3828741312026978,286.8515211565031,479.2140679082028,0.0,3600.9910916000003,2,7.75,1,,245.80645161289848,255.0,0.0,255.0,388620.0,47.55274735633143,0.8201005714218993,4.658213485483129
ID11704,11704,18,1.4043514728546143,303.001246306696,486.74141280027743,0.0,9002.477729,5,7.75,1,,249.35483870967258,255.0,0.0,255.0,394230.0,37.53051025064111,0.8265915307578376,6.013299546582512
ID12347,12347,18,1.4408044815063477,306.8219287934477,486.79125665469576,0.0,21605.9465496,12,7.75,1,,222.74193548386688,255.0,0.0,255.0,352155.0,84.79251933537223,0.9294004612547556,2.530783249314439
ID11583,11583,18,1.4099801778793335,302.63586875198814,489.27574447426423,0.0,10802.9732748,6,7.75,1,,247.4193548387049,255.0,0.0,255.0,391170.0,43.32188156834489,0.8355470917206166,5.19950207586285
ID12191,12191,18,1.4399824142456055,305.55402641154444,486.88282940563494,0.0,19805.4510038,11,7.75,1,,231.45161290322147,255.0,0.0,255.0,365925.0,73.84958862096352,0.9014797952665039,2.9717098868217344
ID12296,12296,19,1.112385630607605,263.72779688501686,473.2951503372693,0.0,23406.4420954,13,7.75,1,,118.70967741935371,0.0,0.0,255.0,187680.0,127.2368660798929,0.9991257496586081,0.9325737688640171
ID12137,12137,19,1.156475305557251,262.98651812042533,475.1902419196739,0.0,16204.459912200002,9,7.75,1,,130.1612903225792,255.0,0.0,255.0,205785.0,127.51255552716476,1.0,1.0207723450013528
ID12396,12396,19,1.0735279321670532,263.3449359865801,473.3657983790718,0.0,25206.937641200002,14,7.75,1,,110.64516129032168,0.0,0.0,255.0,174930.0,126.42101635760194,1.0,0.8752117684083812
ID12081,12081,19,1.2114603519439697,260.4563451787346,475.76289649783956,0.0,14403.964366400001,8,7.75,1,,139.19354838709506,255.0,0.0,255.0,220065.0,127.00280763913916,0.9955344680598659,1.0935354019654322
ID11828,11828,19,1.4058499336242676,254.1733577367043,477.7141353191943,0.0,0.0,0,7.75,1,,220.64516129031855,255.0,0.0,255.0,348840.0,87.09205785514959,0.8851245494694608,2.379086257353737
ID12244,12244,19,1.1090775728225708,262.63279894072673,474.1109465367195,0.0,18004.955458,10,7.75,1,,120.32258064516012,0.0,0.0,255.0,190230.0,127.3380964698948,0.9982756712039818,0.9440910192341273
ID12021,12021,19,1.4113359451293945,259.41774167189095,476.5490240269431,0.0,7201.982183200001,4,7.75,1,,241.9354838709631,255.0,0.0,255.0,382500.0,56.2385145481224,0.8437296488768499,3.9373298128757397
ID11894,11894,19,1.4182028770446777,258.6558477880248,476.446405955485,0.0,5401.4866374,3,7.75,1,,236.2903225806407,255.0,0.0,255.0,373575.0,66.51100480911974,0.8617473893526076,3.288831661830688
ID11958,11958,19,1.2693469524383545,260.1029675455688,476.4319144452448,0.0,12603.468820600001,7,7.75,1,,155.80645161290104,255.0,0.0,255.0,246330.0,124.35745429752993,0.9926965134891501,1.2482999270224293
ID11767,11767,19,1.4194315671920776,255.92707125151733,478.30816592315546,0.0,3600.9910916000003,2,7.75,1,,228.54838709676994,255.0,0.0,255.0,361335.0,77.7772441924317,0.8824150492509931,2.754946219894951
ID11703,11703,19,1.4218642711639404,258.5427099628588,477.0483024608808,0.0,9002.477729,5,7.75,1,,240.16129032257606,255.0,0.0,255.0,379695.0,59.71548508419064,0.8570902614816848,3.7122702704622004
ID11640,11640,19,1.4143285751342773,254.94327202573808,477.3080044683338,0.0,1800.4955458000002,1,7.75,1,,226.45161290322162,255.0,0.0,255.0,358020.0,80.42959633949073,0.8826088380777652,2.6399621705713963
ID12346,12346,19,1.1018747091293335,263.6567634680257,471.64111481821874,0.0,21605.9465496,12,7.75,1,,118.70967741935371,0.0,0.0,255.0,187680.0,127.2368660798929,0.9982522632969212,0.9321657606948348
ID11582,11582,19,1.4296197891235352,260.06278930496745,477.49462121727925,0.0,10802.9732748,6,7.75,1,,233.5483870967698,255.0,0.0,255.0,369240.0,70.80367556605,0.8843926531594117,3.0961699297164635
ID12190,12190,19,1.1030162572860718,264.06136423044234,472.0464249898854,0.0,19805.4510038,11,7.75,1,,119.67741935483755,0.0,0.0,255.0,189210.0,127.30006782509193,1.0,0.9401206252244283
ID11584,11584,20,1.3535795211791992,200.73058071692742,508.7596681746412,0.0,10802.9732748,6,7.75,1,,246.45161290322105,255.0,0.0,255.0,389640.0,45.914019455100984,0.7977783872408732,4.763898041635324
ID12192,12192,20,1.3693917989730835,200.32600941985302,501.1993440310463,0.0,19805.4510038,11,7.75,1,,179.67741935483585,255.0,0.0,255.0,284070.0,116.37152823920552,0.9959631846231146,1.5408753868109186
ID12298,12298,20,1.2505462169647217,202.86302746660462,501.4788176519224,0.0,23406.4420954,13,7.75,1,,149.6774193548367,255.0,0.0,255.0,236640.0,125.59613667129237,0.9896487402693682,1.185535782305191
ID12139,12139,20,1.4276233911514282,197.99832799603456,502.623917571937,0.0,16204.459912200002,9,7.75,1,,220.48387096773791,255.0,0.0,255.0,348585.0,87.2643475516455,0.9252061014664167,2.4284615605855366
ID12398,12398,20,1.1521607637405396,203.7588451757095,501.7614914676812,0.0,25206.937641200002,14,7.75,1,,132.41935483870816,255.0,0.0,255.0,209355.0,127.44537416989559,0.9525406134540397,1.013773214381273
ID12083,12083,20,1.3674222230911255,197.67364451729406,506.2870299122946,0.0,14403.964366400001,8,7.75,1,,220.64516129031855,255.0,0.0,255.0,348840.0,87.09205785514959,0.8154726010076417,2.275964721401728
ID11830,11830,20,1.414475679397583,205.0645303160052,509.3681839127961,0.0,0.0,0,7.75,1,,245.32258064515656,255.0,0.0,255.0,387855.0,48.7400459417023,0.8617181008469486,4.6594309525763125
ID12023,12023,20,1.3976670503616333,203.36601101830453,509.0003838091723,0.0,7201.982183200001,4,7.75,1,,248.87096774193066,255.0,0.0,255.0,393465.0,39.06793561609295,0.8280246596610032,5.77091914773419
ID11896,11896,20,1.3259257078170776,203.39460599418564,510.04181318818956,0.0,5401.4866374,3,7.75,1,,245.96774193547913,255.0,0.0,255.0,388875.0,47.14923355242991,0.7570931541086391,4.49560395902773
ID11960,11960,20,1.3954522609710693,199.74774469582474,505.99914854482074,0.0,12603.468820600001,7,7.75,1,,234.19354838709236,255.0,0.0,255.0,370260.0,69.82707743533594,0.8548582587687842,3.0914657608438243
ID11769,11769,20,1.3753761053085327,201.94525078212752,512.1354947930068,0.0,3600.9910916000003,2,7.75,1,,247.74193548386617,255.0,0.0,255.0,391680.0,42.41774400088744,0.8113561958224049,5.2322640291923275
ID11705,11705,20,1.3709251880645752,201.55901798212352,510.5650028106914,0.0,9002.477729,5,7.75,1,,247.9032258064468,255.0,0.0,255.0,391935.0,41.957439206621004,0.7934387372622894,5.227933485079452
ID11642,11642,20,1.422048807144165,203.82980085268807,509.41552200986854,0.0,1800.4955458000002,1,7.75,1,,249.19354838709194,255.0,0.0,255.0,393975.0,38.0505723953786,0.87025515207726,6.094686047743454
ID12348,12348,20,1.2881120443344116,202.3225814741588,501.8964247297823,0.0,21605.9465496,12,7.75,1,,157.5806451612881,255.0,0.0,255.0,249135.0,123.93998896909191,0.997367932561804,1.2697515285192307
ID11585,11585,21,1.1683119535446167,197.71860935515417,528.872715657552,0.0,10802.9732748,6,7.75,1,,228.70967741935058,255.0,0.0,255.0,361590.0,77.56711157889838,0.5986629028293216,2.208321838831038
ID12193,12193,21,1.258924961090088,199.14645740808197,524.3295537393598,0.0,19805.4510038,11,7.75,1,,190.6451612903194,255.0,0.0,255.0,301410.0,110.80028771007714,0.7995760787141551,1.528989403835024
ID12299,12299,21,1.2689893245697021,200.94032216720714,522.9050539870523,0.0,23406.4420954,13,7.75,1,,188.38709677419044,255.0,0.0,255.0,297840.0,112.05781480431156,0.8309725251166789,1.5259624151239644
ID12140,12140,21,1.2582131624221802,197.2121484809763,524.3369986625959,0.0,16204.459912200002,9,7.75,1,,200.32258064515784,255.0,0.0,255.0,316710.0,104.69027702568945,0.7520865373431344,1.642728587833583
ID12399,12399,21,1.25425124168396,200.53748865886269,522.1188276003342,0.0,25206.937641200002,14,7.75,1,,185.96774193548083,255.0,0.0,255.0,294015.0,113.33974733449526,0.8392914120884511,1.4974337233160206
ID12084,12084,21,1.1741162538528442,197.2097166620178,525.5920799435195,0.0,14403.964366400001,8,7.75,1,,206.45161290322218,255.0,0.0,255.0,326400.0,100.14607542499903,0.6295708049053776,1.5928896344618153
ID11831,11831,21,1.2398428916931152,197.69957847240556,531.4464950984723,0.0,0.0,0,7.75,1,,243.0645161290276,255.0,0.0,255.0,384285.0,53.878833937148265,0.6745402774814919,3.6345082532049986
ID12247,12247,21,1.239802598953247,197.3123718925889,524.4074533491286,0.0,18004.955458,10,7.75,1,,195.16129032257734,255.0,0.0,255.0,308550.0,108.09991238467516,0.7504273343173865,1.547971258552814
ID12024,12024,21,1.1748305559158325,193.8546269429486,529.0410596860254,0.0,7201.982183200001,4,7.75,1,,245.64516129031784,255.0,0.0,255.0,388365.0,47.95232294292612,0.7699558668925472,4.456890396402863
ID11897,11897,21,1.2091861963272095,196.23264058013766,529.76255230326,0.0,5401.4866374,3,7.75,1,,245.4838709677372,255.0,0.0,255.0,388110.0,48.348057955246986,0.6563738330180708,4.024082007614897
ID11961,11961,21,1.2230808734893799,198.69300524451427,525.9732886154416,0.0,12603.468820600001,7,7.75,1,,217.2580645161251,255.0,0.0,255.0,343485.0,90.58106625055612,0.65808150918941,1.9038918963973703
ID11770,11770,21,1.1996756792068481,195.6404072147193,532.6954501488798,0.0,3600.9910916000003,2,7.75,1,,245.80645161289848,255.0,0.0,255.0,388620.0,47.55274735633143,0.6622728801873194,4.1189100859546395
ID11706,11706,21,1.1513437032699585,194.64585781750637,530.3538516803574,0.0,9002.477729,5,7.75,1,,244.83870967741464,255.0,0.0,255.0,387090.0,49.894406671169264,0.6970277952455325,4.031060871907152
ID11643,11643,21,1.2224496603012085,196.08738321772233,531.3203797746255,0.0,1800.4955458000002,1,7.75,1,,245.32258064515656,255.0,0.0,255.0,387855.0,48.7400459417023,0.6728964052379729,4.049120918738273
ID12349,12349,21,1.2728842496871948,200.86368653522436,523.5260107374859,0.0,21605.9465496,12,7.75,1,,188.54838709677108,255.0,0.0,255.0,298095.0,111.96997096415625,0.8506990971194079,1.5480729086122962
ID11586,11586,22,1.1892520189285278,207.48457856798308,544.2431482409756,0.0,10802.9732748,6,7.75,1,,186.77419354838403,255.0,0.0,255.0,295290.0,112.91981692831342,0.7576813829826647,1.4260119460064082
ID12194,12194,22,1.0420395135879517,206.2547329355092,540.198381308013,0.0,19805.4510038,11,7.75,1,,144.5161290322562,255.0,0.0,255.0,228480.0,126.39939422300665,0.7575587190431132,0.9856160812943598
ID12300,12300,22,1.0734572410583496,208.23867486691688,539.4184948916259,0.0,23406.4420954,13,7.75,1,,141.7741935483853,255.0,0.0,255.0,224145.0,126.73853876001301,0.8200575906762267,1.0080398668571273
ID12141,12141,22,1.1054316759109497,202.33619046138074,541.2564820443192,0.0,16204.459912200002,9,7.75,1,,160.32258064515898,255.0,0.0,255.0,253470.0,123.24177504553657,0.7706588372504561,1.1323847638586062
ID12400,12400,22,1.062616229057312,209.89770547177488,538.0298517243851,0.0,25206.937641200002,14,7.75,1,,135.8064516129016,255.0,0.0,255.0,214710.0,127.26939128616085,0.8487635212968091,0.9797872266492454
ID12085,12085,22,1.0520490407943726,202.31051224290192,541.6404396407171,0.0,14403.964366400001,8,7.75,1,,161.29032258064282,255.0,0.0,255.0,255000.0,122.97979596834385,0.675826795522004,1.0578176635151688
ID11832,11832,22,1.1944376230239868,212.59078972116197,544.2684663226653,0.0,0.0,0,7.75,1,,238.87096774193094,255.0,0.0,255.0,377655.0,62.0902246602984,0.6223761064852974,2.9516951601860466
ID12248,12248,22,1.052275538444519,203.21394402546815,540.6181632067284,0.0,18004.955458,10,7.75,1,,151.12903225806247,255.0,0.0,255.0,238935.0,125.33097871721274,0.7557415824869236,1.0380832645933995
ID12025,12025,22,1.395876407623291,210.15025189796685,547.1083907025919,0.0,7201.982183200001,4,7.75,1,,241.77419354838247,255.0,0.0,255.0,382245.0,56.56573630281306,0.8327507373043425,3.8841689965805064
ID11898,11898,22,1.367730975151062,212.8825228447726,545.674746924762,0.0,5401.4866374,3,7.75,1,,238.7096774193503,255.0,0.0,255.0,377400.0,62.378833140814834,0.8206368106599145,3.449772449885915
ID11962,11962,22,1.1554151773452759,205.21667629560528,542.4201272227548,0.0,12603.468820600001,7,7.75,1,,171.29032258064254,255.0,0.0,255.0,270810.0,119.78202180653096,0.7585623633746078,1.2336861822651968
ID11771,11771,22,1.3561654090881348,213.51893862597228,546.2702691404515,0.0,3600.9910916000003,2,7.75,1,,233.87096774193108,255.0,0.0,255.0,369750.0,70.31781234185361,0.8143373767280835,2.9855701409041604
ID11707,11707,22,1.3763996362686157,209.63865465966,547.6827757728477,0.0,9002.477729,5,7.75,1,,239.19354838709222,255.0,0.0,255.0,378165.0,61.507675625746224,0.8267428326102519,3.5200040918931546
ID11644,11644,22,1.3154746294021606,212.55373636417355,544.304271105158,0.0,1800.4955458000002,1,7.75,1,,238.87096774193094,255.0,0.0,255.0,377655.0,62.0902246602984,0.7598153743435129,3.3220877737116403
ID12350,12350,22,1.0743354558944702,207.53606209896935,540.3345592720108,0.0,21605.9465496,12,7.75,1,,143.709677419353,255.0,0.0,255.0,227205.0,126.50541025588561,0.8056253132909607,1.0137068469008228
ID11587,11587,23,1.2523856163024902,217.69694453298666,578.025153590277,0.0,10802.9732748,6,7.75,1,,227.90322580644738,255.0,0.0,255.0,360315.0,78.60884654674817,0.6765349442973135,2.33984273099484
ID12195,12195,23,1.2602498531341553,237.12738341450768,563.4283794517589,0.0,19805.4510038,11,7.75,1,,211.93548387096396,255.0,0.0,255.0,335070.0,95.56503325939698,0.754214195442126,1.906982630028834
ID12301,12301,23,1.2585841417312622,240.97086288017516,558.0983425199704,0.0,23406.4420954,13,7.75,1,,206.77419354838347,255.0,0.0,255.0,326910.0,99.8907580116237,0.7623914087818339,1.7909219083887797
ID12142,12142,23,1.2906508445739746,232.79769443007453,564.3710084127259,0.0,16204.459912200002,9,7.75,1,,223.54838709677009,255.0,0.0,255.0,353430.0,83.87733489510398,0.7454478329423488,2.2764981243696054
ID12401,12401,23,1.2128877639770508,240.0098337819179,558.2404497670617,0.0,25206.937641200002,14,7.75,1,,196.6129032258031,255.0,0.0,255.0,310845.0,107.17706010685404,0.7593665992525548,1.583562904334583
ID12086,12086,23,1.2823457717895508,231.91183197900182,569.9474930256814,0.0,14403.964366400001,8,7.75,1,,223.87096774193137,255.0,0.0,255.0,353940.0,83.50627080758643,0.7169230668499758,2.238877857890352
ID11833,11833,23,1.2129584550857544,224.1813951572804,576.9657768450334,0.0,0.0,0,7.75,1,,242.09677419354375,255.0,0.0,255.0,382755.0,55.908912094697186,0.6494795173385847,3.410016567947193
ID12249,12249,23,1.289758563041687,235.07149373692673,562.4949465781141,0.0,18004.955458,10,7.75,1,,218.3870967741896,255.0,0.0,255.0,345270.0,89.44744973324484,0.7639281835938162,2.1147578277321695
ID12026,12026,23,1.2501046657562256,216.02474798915281,575.9247430684521,0.0,7201.982183200001,4,7.75,1,,237.58064516128582,255.0,0.0,255.0,375615.0,64.35154128425505,0.679292853686298,2.9868451372283795
ID11963,11963,23,1.268072247505188,221.4256242590291,576.9936820375217,0.0,12603.468820600001,7,7.75,1,,233.5483870967698,255.0,0.0,255.0,369240.0,70.80367556605,0.6900700150803674,2.693639827693744
ID11772,11772,23,1.2257626056671143,222.8729678375513,577.101258212971,0.0,3600.9910916000003,2,7.75,1,,230.322580645157,255.0,0.0,255.0,364140.0,75.41461549526366,0.660220661017353,2.429037889967424
ID11900,11900,23,1.21940279006958,221.06420477901364,576.6388585149751,0.0,5401.4866374,3,7.75,1,,225.9677419354797,255.0,0.0,255.0,357255.0,81.021638596023,0.655746869450006,2.2091118364122235
ID11708,11708,23,1.271264672279358,214.09016599597226,576.3120015533797,0.0,9002.477729,5,7.75,1,,239.19354838709222,255.0,0.0,255.0,378165.0,61.507675625746224,0.6959616092471526,3.1916804864462414
ID11645,11645,23,1.2359780073165894,225.5153933970159,577.2755903929984,0.0,1800.4955458000002,1,7.75,1,,243.38709677418888,255.0,0.0,255.0,384795.0,53.18100865443215,0.6530510112052784,3.6160283482872844
ID12351,12351,23,1.211068868637085,238.3382770112363,563.2985177000814,0.0,21605.9465496,12,7.75,1,,215.80645161289934,255.0,0.0,255.0,341190.0,91.9976842519263,0.6721657455738071,1.8858822717826509
ID12353,12353,24,1.315816879272461,251.22900701073766,600.4913587830106,0.0,21605.9465496,12,7.75,1,,168.7096774193523,255.0,0.0,255.0,266730.0,120.69476549936654,1.0,1.3978209968040225
ID11588,11588,24,1.437099814414978,259.0238147416512,596.5297402312872,0.0,10802.9732748,6,7.75,1,,229.1935483870925,255.0,0.0,255.0,362355.0,76.93123994756644,0.9079495483281051,2.8354662492019034
ID12197,12197,24,1.3100286722183228,251.43172085772323,601.024135381596,0.0,19805.4510038,11,7.75,1,,170.48387096773934,255.0,0.0,255.0,269535.0,120.07396148637201,0.9939283312665591,1.4155003470857597
ID12302,12302,24,1.327984094619751,251.51998464168656,598.7180691345648,0.0,23406.4420954,13,7.75,1,,173.8709677419328,255.0,0.0,255.0,274890.0,118.80619170834437,0.9910826605219809,1.4569296434913774
ID12143,12143,24,1.3066118955612183,251.18876711680392,596.7055505444439,0.0,16204.459912200002,9,7.75,1,,170.16129032257805,255.0,0.0,255.0,269025.0,120.18902272735349,0.9981711630234842,1.4144848291668626
ID12402,12402,24,1.2036700248718262,251.67267291260748,598.8442781249089,0.0,25206.937641200002,14,7.75,1,,126.93548387096638,0.0,0.0,255.0,200685.0,127.53909159809444,1.0,0.9952672728058142
ID12087,12087,24,1.3275614976882935,251.8590494215478,596.7148807345852,0.0,14403.964366400001,8,7.75,1,,173.70967741935215,255.0,0.0,255.0,274635.0,118.86905821628154,0.9940407468176794,1.456985890276134
ID12250,12250,24,1.3518403768539429,251.7416704317978,598.7332980671523,0.0,18004.955458,10,7.75,1,,178.709677419352,255.0,0.0,255.0,282540.0,116.8008901418707,0.994784783913428,1.5260367799921413
ID11835,11835,24,1.3352563381195068,247.83731248743337,592.0716103938431,0.0,0.0,0,7.75,1,,254.03225806451115,255.0,0.0,255.0,401625.0,15.684172358021671,0.7497031583946763,13.879768504707929
ID12027,12027,24,1.3466265201568604,261.810319744031,594.3839059722594,0.0,7201.982183200001,4,7.75,1,,254.999999999995,255.0,255.0,255.0,403155.0,5.003803590643346E-12,0.7301866854526197,4.3014102496675875E13
ID11964,11964,24,1.3906148672103882,256.27964881064156,596.3039490061112,0.0,12603.468820600001,7,7.75,1,,198.06451612902887,255.0,0.0,255.0,313140.0,106.22634485551828,0.9664971446856164,1.8327857100140137
ID11709,11709,24,1.3496637344360352,262.00793803808097,594.08847789063,0.0,9002.477729,5,7.75,1,,254.999999999995,255.0,255.0,255.0,403155.0,5.003803590643346E-12,0.7350759448957921,4.318009999786903E13
ID11774,11774,24,1.3665268421173096,251.7406048492224,594.3346755318711,0.0,3600.9910916000003,2,7.75,1,,254.51612903225308,255.0,0.0,255.0,402390.0,11.100941877865104,0.7589098989194799,19.78481987954968
ID11902,11902,24,1.3483905792236328,253.7921804367974,595.7241180507931,0.0,5401.4866374,3,7.75,1,,254.83870967741436,255.0,0.0,255.0,402900.0,6.413192049055229,0.7337050211135085,33.633141299697044
ID11647,11647,24,1.3461536169052124,249.81862271878924,593.4248370614044,0.0,1800.4955458000002,1,7.75,1,,254.35483870967244,255.0,0.0,255.0,402135.0,12.814201365491435,0.7603552242302916,17.147257746391162
ID11648,11648,25,1.292391300201416,230.71103795828992,607.0747050067372,0.0,1800.4955458000002,1,7.75,1,,218.54838709677023,255.0,0.0,255.0,345525.0,89.28316335385993,0.7589224731457967,2.112315314570918
ID12356,12356,25,1.3558582067489624,250.9023074432479,656.9576126154677,0.0,21605.9465496,12,7.75,1,,209.19354838709307,255.0,0.0,255.0,330735.0,97.92077905638249,0.8439588508513378,1.9555704630398552
ID11590,11590,25,1.3889635801315308,255.2437838012426,638.8005664284419,0.0,10802.9732748,6,7.75,1,,245.32258064515656,255.0,0.0,255.0,387855.0,48.7400459417023,0.8121016628744492,4.511380176479476
ID12200,12200,25,1.3923115730285645,250.00636851240444,657.8119554593449,0.0,19805.4510038,11,7.75,1,,220.16129032257663,255.0,0.0,255.0,348075.0,87.6070190781025,0.8678679180630635,2.33528304285365
ID12306,12306,25,1.365660548210144,254.65882139403283,654.655236596462,0.0,23406.4420954,13,7.75,1,,208.8709677419318,255.0,0.0,255.0,330225.0,98.18917312965934,0.8577836292937406,1.9643871917166356
ID12147,12147,25,1.3946332931518555,251.83844875456566,654.4992068560169,0.0,16204.459912200002,9,7.75,1,,237.9032258064471,255.0,0.0,255.0,376125.0,63.796175600367874,0.8247943542496733,3.37106737572578
ID12406,12406,25,1.3508141040802002,258.68143683018894,655.4242628018792,0.0,25206.937641200002,14,7.75,1,,199.19354838709336,255.0,0.0,255.0,314925.0,105.46715480736333,0.8887525519075969,1.7774354193285586
ID12090,12090,25,1.3954665660858154,252.55874535718192,647.6472304132185,0.0,14403.964366400001,8,7.75,1,,234.99999999999557,255.0,0.0,255.0,371535.0,68.57823768181967,0.8305614253487819,3.109560335187374
ID11836,11836,25,1.262052297592163,228.81903720413504,601.0460804796618,0.0,0.0,0,7.75,1,,209.35483870967371,255.0,0.0,255.0,330990.0,97.78590646647721,0.7338635363927614,1.8123293704550283
ID12029,12029,25,1.3799409866333008,252.55513938774368,633.8529508891186,0.0,7201.982183200001,4,7.75,1,,248.06451612902745,255.0,0.0,255.0,392190.0,41.49140081226313,0.794906604773026,5.295546598109724
ID12253,12253,25,1.4072047472000122,249.1722106147792,656.4194505327418,0.0,18004.955458,10,7.75,1,,230.96774193547955,255.0,0.0,255.0,365160.0,74.52643467312399,0.8560722714072498,2.8588181227272145
ID11775,11775,25,1.375869870185852,248.977459135688,623.8121398485845,0.0,3600.9910916000003,2,7.75,1,,239.03225806451158,255.0,0.0,255.0,377910.0,61.79984717341244,0.8072778122247698,3.4553910821407072
ID11903,11903,25,1.339496374130249,250.95220725451034,628.295965292486,0.0,5401.4866374,3,7.75,1,,244.19354838709208,255.0,0.0,255.0,386070.0,51.38614534126898,0.7621205247951464,4.110609186344914
ID11711,11711,25,1.3733863830566406,254.77222108657622,636.5877860205579,0.0,9002.477729,5,7.75,1,,249.99999999999514,255.0,0.0,255.0,395250.0,35.36652568800701,0.7870005893609399,6.226270263972723
ID11967,11967,25,1.3919659852981567,255.16645914004178,641.1643861119136,0.0,12603.468820600001,7,7.75,1,,241.77419354838247,255.0,0.0,255.0,382245.0,56.56573630281306,0.8198597639697499,3.8511296934564636
ID11776,11776,26,1.195737600326538,225.8380671876241,631.1408969126211,0.0,3600.9910916000003,2,7.75,1,,242.41935483870503,255.0,0.0,255.0,383265.0,55.24239433154706,0.6492815717860172,3.455119426520214
ID11904,11904,26,1.1681618690490723,230.08372609731225,631.7056480012246,0.0,5401.4866374,3,7.75,1,,232.41935483870532,255.0,0.0,255.0,367455.0,72.4672382011006,0.6185851895697556,2.4514584248534472
ID11649,11649,26,1.257543683052063,225.29528889855098,630.6307817265745,0.0,1800.4955458000002,1,7.75,1,,245.16129032257592,255.0,0.0,255.0,387600.0,49.12837659325039,0.7255858881841912,4.196640116209348
ID12354,12354,26,1.2499029636383057,226.38118552147176,635.1997469381689,0.0,21605.9465496,12,7.75,1,,222.58064516128624,255.0,0.0,255.0,351900.0,84.97345440940862,0.6924907483109837,2.143491624510545
ID11589,11589,26,1.190303087234497,226.21738187227217,633.7475853049361,0.0,10802.9732748,6,7.75,1,,242.09677419354375,255.0,0.0,255.0,382755.0,55.908912094697186,0.6358820012003505,3.366375171516335
ID12198,12198,26,1.2472459077835083,227.1097577282829,635.7459479946413,0.0,19805.4510038,11,7.75,1,,227.09677419354418,255.0,0.0,255.0,359040.0,79.6287834923655,0.6911186327950397,2.3310382892728114
ID12303,12303,26,1.2198976278305054,231.11740183572613,635.7460451140146,0.0,23406.4420954,13,7.75,1,,213.06451612902845,255.0,0.0,255.0,336855.0,94.55484450754001,0.6720448235427914,1.8113720559929083
ID12145,12145,26,1.252548098564148,225.89137716127857,632.5275314214399,0.0,16204.459912200002,9,7.75,1,,224.8387096774152,255.0,0.0,255.0,355470.0,82.37546746363967,0.7017688029051162,2.2511098470659516
ID12403,12403,26,1.2439005374908447,227.58096793902521,634.2714098868875,0.0,25206.937641200002,14,7.75,1,,218.70967741935087,255.0,0.0,255.0,345780.0,89.11828202506175,0.6953690931034028,2.0131786317099962
ID12088,12088,26,1.2629081010818481,226.14804632122602,632.3272564267137,0.0,14403.964366400001,8,7.75,1,,226.93548387096354,255.0,0.0,255.0,358785.0,79.83022895675123,0.7138040750800232,2.3680064478168146
ID12251,12251,26,1.2559356689453125,226.17980175334682,634.729486575922,0.0,18004.955458,10,7.75,1,,221.77419354838304,255.0,0.0,255.0,350625.0,85.86786429401793,0.7030085686243192,2.1323285826584644
ID12028,12028,26,1.2466238737106323,227.75365202863992,628.6081519850618,0.0,7201.982183200001,4,7.75,1,,236.7741935483826,255.0,0.0,255.0,374340.0,65.7124941739979,0.7009092583860503,2.9695938955643477
ID11837,11837,26,1.2630043029785156,229.7066432861519,636.4091252725676,0.0,0.0,0,7.75,1,,233.70967741935044,255.0,0.0,255.0,369495.0,70.56134660092773,0.7056199282883515,2.7404911721084027
ID11965,11965,26,1.2627252340316772,226.78285746366373,631.8759610586426,0.0,12603.468820600001,7,7.75,1,,231.29032258064083,255.0,0.0,255.0,365670.0,74.07624254837721,0.7167786417556322,2.6072295321933683
ID11710,11710,26,1.2726411819458008,228.26840645851334,630.1302859900482,0.0,9002.477729,5,7.75,1,,227.41935483870546,255.0,0.0,255.0,359550.0,79.22337019242642,0.7312635920509892,2.425017408884171
ID12160,12160,27,1.3187282085418701,259.13825666090884,134.06326329281347,0.0,19805.4510038,11,7.75,1,,254.999999999995,255.0,255.0,255.0,403155.0,5.003803590643346E-12,0.6961325966850778,4.183137030067462E13
ID12103,12103,27,1.1789103746414185,260.0141784425419,128.44293924173903,0.0,16204.459912200002,9,7.75,1,,254.999999999995,255.0,255.0,255.0,403155.0,5.003803590643346E-12,0.5728466218379696,3.712119120431879E13
ID12266,12266,27,1.2938145399093628,259.6529571025226,134.67981733003563,0.0,23406.4420954,13,7.75,1,,254.999999999995,255.0,255.0,255.0,403155.0,5.003803590643346E-12,0.6730245231607576,4.1001382794708836E13
ID12044,12044,27,1.1505531072616577,260.1130062883577,127.6232292055795,0.0,14403.964366400001,8,7.75,1,,254.999999999995,255.0,255.0,255.0,403155.0,5.003803590643346E-12,0.5473302882343607,3.6052582290387836E13
ID11853,11853,27,1.1688525676727295,268.54216730377635,128.74598101424627,0.0,5401.4866374,3,7.75,1,,254.999999999995,255.0,255.0,255.0,403155.0,5.003803590643346E-12,0.5638331741483538,3.674769682663418E13
ID11983,11983,27,1.1532161235809326,265.749942835308,127.3357235811277,0.0,7201.982183200001,4,7.75,1,,254.999999999995,255.0,255.0,255.0,403155.0,5.003803590643346E-12,0.5490381583096745,3.6125206197159836E13
ID11920,11920,27,1.1422079801559448,263.4703178676895,128.44286815075745,0.0,12603.468820600001,7,7.75,1,,254.999999999995,255.0,255.0,255.0,403155.0,5.003803590643346E-12,0.540536302336515,3.576208666329981E13
ID11728,11728,27,1.1817010641098022,269.02268198006294,127.95739619902542,0.0,3600.9910916000003,2,7.75,1,,254.999999999995,255.0,255.0,255.0,403155.0,5.003803590643346E-12,0.5756214915797849,3.7235314486389086E13
ID12368,12368,27,1.4074078798294067,262.1594500210488,132.63622998106527,0.0,25206.937641200002,14,7.75,1,,239.5161290322535,255.0,0.0,255.0,378675.0,60.9178469344765,0.8284040154442447,3.5627901538804934
ID11665,11665,27,1.1400744915008545,265.54463461275316,128.95803397305684,0.0,9002.477729,5,7.75,1,,254.999999999995,255.0,255.0,255.0,403155.0,5.003803590643346E-12,0.5376428236030607,3.563758853740494E13
ID12212,12212,27,1.2498540878295898,258.7733911969921,131.9621736051275,0.0,18004.955458,10,7.75,1,,254.999999999995,255.0,255.0,255.0,403155.0,5.003803590643346E-12,0.6308100929614816,3.942440653337384E13
ID11606,11606,27,1.1782357692718506,270.03097011414735,129.08467059590737,0.0,1800.4955458000002,1,7.75,1,,254.999999999995,255.0,255.0,255.0,403155.0,5.003803590643346E-12,0.5720915346455366,3.709006667284507E13
ID11545,11545,27,1.1386135816574097,264.4395901219082,128.9183188524401,0.0,10802.9732748,6,7.75,1,,254.999999999995,255.0,255.0,255.0,403155.0,5.003803590643346E-12,0.5376428236030607,3.563758853740494E13
ID12316,12316,27,1.3260469436645508,259.01338730344463,133.73233520461753,0.0,21605.9465496,12,7.75,1,,254.999999999995,255.0,255.0,255.0,403155.0,5.003803590643346E-12,0.705259503558405,4.215299045923637E13
ID12385,12385,28,1.191818356513977,291.5657920548066,382.1609651112192,0.0,25206.937641200002,14,7.75,1,,128.38709677419214,255.0,0.0,255.0,202980.0,127.53725466338373,0.9518564454360814,0.9818336028716159
ID12067,12067,28,1.1572953462600708,295.28659022376627,379.08004781085003,0.0,14403.964366400001,8,7.75,1,,146.4516129032239,255.0,0.0,255.0,231540.0,126.1235418763478,0.7402885890445698,0.9878881566476931
ID11750,11750,28,1.098379135131836,293.2329277672718,379.588862686225,0.0,3600.9910916000003,2,7.75,1,,149.99999999999798,255.0,0.0,255.0,237150.0,125.53871257277656,0.6580031053804053,0.9483883004220647
ID12231,12231,28,1.0752472877502441,294.9676974971702,381.00810337978606,0.0,18004.955458,10,7.75,1,,152.58064516128823,255.0,0.0,255.0,241230.0,125.04839814374921,0.5890916900466278,0.9046597113311864
ID12007,12007,28,1.2015380859375,293.7088020159076,380.77544596577263,0.0,7201.982183200001,4,7.75,1,,154.99999999999784,255.0,0.0,255.0,245055.0,124.53838816438132,0.7757771182339227,1.0874441555042387
ID11879,11879,28,1.1182887554168701,291.9079374818415,381.1724072196497,0.0,5401.4866374,3,7.75,1,,170.3225806451587,255.0,0.0,255.0,269280.0,120.13161422634228,0.607140101818204,1.071223503379592
ID11944,11944,28,1.1317565441131592,294.0800049771613,379.5450415498475,0.0,12603.468820600001,7,7.75,1,,153.38709677419143,255.0,0.0,255.0,242505.0,124.88383740924627,0.659613336985585,0.9763265507360053
ID11688,11688,28,1.1326534748077393,292.51273293701536,381.3611839384308,0.0,9002.477729,5,7.75,1,,153.38709677419143,255.0,0.0,255.0,242505.0,124.88383740924627,0.6756134358649833,0.990460206325044
ID12334,12334,28,1.1150106191635132,293.5394734785913,380.17206106524225,0.0,21605.9465496,12,7.75,1,,134.9999999999984,255.0,0.0,255.0,213435.0,127.31949247682735,0.7253249034070924,0.8915189178672627
ID11568,11568,28,1.129327416419983,293.8429493470107,379.9979157445763,0.0,10802.9732748,6,7.75,1,,146.61290322580453,255.0,0.0,255.0,231795.0,126.099185134676,0.7089405754775281,0.9646566917927532
ID12178,12178,28,1.2540594339370728,297.06851233074894,386.7924217051241,0.0,19805.4510038,11,7.75,1,,249.0322580645113,255.0,0.0,255.0,393720.0,38.562946691000846,0.6541406089573069,5.107567059608825
ID12124,12124,28,1.1038663387298584,295.8073227484373,380.98009081156715,0.0,16204.459912200002,9,7.75,1,,144.35483870967556,255.0,0.0,255.0,228225.0,126.42101635759917,0.6494319319117415,0.8991689565769188
ID12285,12285,28,1.1099907159805298,293.2471437010619,380.44160111738796,0.0,23406.4420954,13,7.75,1,,132.74193548386944,255.0,0.0,255.0,209865.0,127.43250561429669,0.7265337299837402,0.8766750228186952
