LABEL,ID,TRACK_ID,QUALITY,POSITION_X,POSITION_Y,POSITION_Z,POSITION_T,FRAME,RADIUS,VISIBILITY,MANUAL_SPOT_COLOR,MEAN_INTENSITY_CH1,MEDIAN_INTENSITY_CH1,MIN_INTENSITY_CH1,MAX_INTENSITY_CH1,TOTAL_INTENSITY_CH1,STD_INTENSITY_CH1,CONTRAST_CH1,SNR_CH1
Label,Spot ID,Track ID,Quality,X,Y,Z,T,Frame,Radius,Visibility,Manual spot color,Mean intensity ch1,Median intensity ch1,Min intensity ch1,Max intensity ch1,Sum intensity ch1,Std intensity ch1,Contrast ch1,Signal/Noise ratio ch1
Label,Spot ID,Track ID,Quality,X,Y,Z,T,Frame,R,Visibility,Spot color,Mean ch1,Median ch1,Min ch1,Max ch1,Sum ch1,Std ch1,Ctrst ch1,SNR ch1
,,,(quality),(micron),(micron),(micron),(sec),,(micron),,,(counts),(counts),(counts),(counts),(counts),(counts),,
ID10867,10867,0,1.0171818733215332,311.6127979612903,22.24696235323536,0.0,14403.964366400001,8,7.75,1,,101.77419354838645,0.0,0.0,255.0,160905.0,124.91718367239594,1.0,0.8147333341687913
ID10437,10437,0,1.433896541595459,308.6699664212113,19.744445962756572,0.0,5401.4866374,3,7.75,1,,218.3870967741896,255.0,0.0,255.0,345270.0,89.44744973324484,0.9369206451598799,2.3620005169198723
ID10488,10488,0,1.427711844444275,308.2647296653564,21.818285766186147,0.0,3600.9910916000003,2,7.75,1,,214.67741935483485,255.0,0.0,255.0,339405.0,93.06893281656782,0.9322473661974504,2.2257688937914164
ID10824,10824,0,1.050890564918518,313.8980716302324,22.669854940779437,0.0,16204.459912200002,9,7.75,1,,108.87096774193463,0.0,0.0,255.0,172125.0,126.17162231202221,1.0,0.8628799863783705
ID10729,10729,0,1.4355652332305908,308.20480373300404,20.47355990746168,0.0,7201.982183200001,4,7.75,1,,220.16129032257663,255.0,0.0,255.0,348075.0,87.6070190781025,0.9325572989715313,2.4253543586210835
ID10537,10537,0,1.433032512664795,308.3466099401646,21.108240269140566,0.0,1800.4955458000002,1,7.75,1,,219.51612903225407,255.0,0.0,255.0,347055.0,88.28483404998394,0.9314831224280878,2.398249701586529
ID10777,10777,0,1.2637337446212769,307.7649951709635,23.751460261430932,0.0,10802.9732748,6,7.75,1,,146.9354838709658,255.0,0.0,255.0,232305.0,126.04983799204213,1.0,1.165693555911133
ID10682,10682,0,1.4409964084625244,308.6945104905408,23.155359416533557,0.0,0.0,0,7.75,1,,222.74193548386688,255.0,0.0,255.0,352155.0,84.79251933537223,0.9320068075502791,2.5344567111614515
ID10587,10587,0,1.444022297859192,309.4859822933533,22.16572869930282,0.0,9002.477729,5,7.75,1,,221.12903225806048,255.0,0.0,255.0,349605.0,86.5713274274073,0.9451998766044019,2.482339094828471
ID10636,10636,0,1.2081263065338135,306.3986754129339,23.189817591687508,0.0,12603.468820600001,7,7.75,1,,133.387096774192,255.0,0.0,255.0,210885.0,127.4043128077235,1.0,1.0469590379997389
ID10440,10440,1,1.4702211618423462,342.97891655036125,47.892369051316386,0.0,5401.4866374,3,7.75,1,,244.03225806451144,255.0,0.0,255.0,385815.0,51.75110440232121,0.9409546093276523,4.572049320402662
ID11081,11081,1,1.3376702070236206,342.52974395110476,46.211361646677744,0.0,25206.937641200002,14,7.75,1,,164.354838709675,255.0,0.0,255.0,259845.0,122.09586380859794,0.9930750655173023,1.3414360086581578
ID10827,10827,1,1.3536484241485596,341.2802709572035,51.25340855739658,0.0,16204.459912200002,9,7.75,1,,190.9677419354807,255.0,0.0,255.0,301920.0,110.61570880624299,0.9409058749716321,1.6738437215300284
ID10540,10540,1,1.4565201997756958,339.7470253425841,44.59123846368436,0.0,1800.4955458000002,1,7.75,1,,229.35483870967315,255.0,0.0,255.0,362610.0,76.71743293495136,0.9436868046001565,2.9029893082898575
ID10733,10733,1,1.4715043306350708,342.9432503499822,49.32274725660412,0.0,7201.982183200001,4,7.75,1,,243.54838709676952,255.0,0.0,255.0,385050.0,52.82790035521982,0.9468814702510184,4.484437851282053
ID10958,10958,1,1.382497787475586,340.8397878141837,46.160980423868146,0.0,21605.9465496,12,7.75,1,,192.09677419354517,255.0,0.0,255.0,303705.0,109.95978607144522,0.9817904838560512,1.7309210562059416
ID10640,10640,1,1.432174801826477,342.46023681339796,53.97664153726411,0.0,12603.468820600001,7,7.75,1,,215.32258064515742,255.0,0.0,255.0,340425.0,92.45999984896288,0.9533756059504561,2.2732330368927736
ID10999,10999,1,1.3700217008590698,340.73371449415055,46.13831380098462,0.0,19805.4510038,11,7.75,1,,189.8387096774162,255.0,0.0,255.0,300135.0,111.25630083413627,0.9655989316303241,1.676455470018249
ID10872,10872,1,1.4109036922454834,342.9422408817875,53.72877080365262,0.0,14403.964366400001,8,7.75,1,,206.9354838709641,255.0,0.0,255.0,327165.0,99.7624628785402,0.9500996231370743,2.0212039940986593
ID10491,10491,1,1.4697879552841187,343.27524687168045,47.96064800861421,0.0,3600.9910916000003,2,7.75,1,,241.77419354838247,255.0,0.0,255.0,382245.0,56.56573630281306,0.944064522210202,4.151236696833187
ID10781,10781,1,1.4512709379196167,342.6780153475635,55.51110376337003,0.0,10802.9732748,6,7.75,1,,226.61290322580226,255.0,0.0,255.0,358275.0,80.2306291806182,0.9556470152010249,2.7604600772831884
ID10685,10685,1,1.460699439048767,340.0344910372917,45.50094447834639,0.0,0.0,0,7.75,1,,235.64516129031813,255.0,0.0,255.0,372555.0,67.55561204415591,0.9393314411397253,3.3790444895992295
ID10591,10591,1,1.4582723379135132,342.7959912750995,52.891686354314956,0.0,9002.477729,5,7.75,1,,232.58064516128596,255.0,0.0,255.0,367710.0,72.23301327946928,0.949947136368622,3.1372160952863504
ID10879,10879,1,1.3570085763931274,341.53200816527357,49.61169072216566,0.0,18004.955458,10,7.75,1,,189.51612903225492,255.0,0.0,255.0,299625.0,111.43654844034796,0.9581612500801531,1.664327050030253
ID11039,11039,1,1.3724374771118164,341.17450651228205,45.42090957089425,0.0,23406.4420954,13,7.75,1,,183.22580645160994,255.0,0.0,255.0,289680.0,114.71359047617361,0.9825863828007706,1.5832167888171695
ID10688,10688,2,1.3568352460861206,359.8436550746348,74.47308121319628,0.0,0.0,0,7.75,1,,254.999999999995,255.0,255.0,255.0,403155.0,5.003803590643346E-12,0.746799431009953,4.357434406320277E13
ID10593,10593,2,1.34902024269104,363.8929190390942,74.41709135602021,0.0,9002.477729,5,7.75,1,,254.83870967741436,255.0,0.0,255.0,402900.0,6.413192049055229,0.7404666295592411,33.81122749584751
ID11041,11041,2,1.4289582967758179,367.25307090470847,61.54451453311819,0.0,23406.4420954,13,7.75,1,,236.45161290322133,255.0,0.0,255.0,373830.0,66.2462969989089,0.8713973579249561,3.323999088162733
ID10885,10885,2,1.4152121543884277,367.05329785217464,67.59970334231407,0.0,18004.955458,10,7.75,1,,245.64516129031784,255.0,0.0,255.0,388365.0,47.95232294292612,0.8398071504072351,4.676660296001682
ID10442,10442,2,1.3435579538345337,363.0673269924185,75.14922616941676,0.0,5401.4866374,3,7.75,1,,254.83870967741436,255.0,0.0,255.0,402900.0,6.413192049055229,0.7312592617047939,33.56838268291505
ID11082,11082,2,1.4158332347869873,369.8467353018358,60.251974742381634,0.0,25206.937641200002,14,7.75,1,,219.6774193548347,255.0,0.0,255.0,347310.0,88.11631224388812,0.8981740894599537,2.3593022508927706
ID10734,10734,2,1.3491908311843872,362.8841561307482,74.84532334690338,0.0,7201.982183200001,4,7.75,1,,254.999999999995,255.0,255.0,255.0,403155.0,5.003803590643346E-12,0.7409179514442628,4.33772220305359E13
ID10542,10542,2,1.3535292148590088,361.4208664458512,73.1125738607351,0.0,1800.4955458000002,1,7.75,1,,254.999999999995,255.0,255.0,255.0,403155.0,5.003803590643346E-12,0.7440085212142686,4.3480970468781625E13
ID10830,10830,2,1.3975669145584106,367.515034611784,69.80650913398355,0.0,16204.459912200002,9,7.75,1,,248.2258064516081,255.0,0.0,255.0,392445.0,41.01943339301612,0.8140950280156882,5.431281820350001
ID10960,10960,2,1.4175403118133545,366.23148778074125,65.1026336539035,0.0,21605.9465496,12,7.75,1,,240.645161290318,255.0,0.0,255.0,380460.0,58.79293171739975,0.8488379587893519,3.7584428913354455
ID10642,10642,2,1.375528335571289,366.8845925296702,74.12127541332606,0.0,12603.468820600001,7,7.75,1,,251.61290322580155,255.0,0.0,255.0,397800.0,29.202339692704104,0.7747976701889414,7.522890010073612
ID10874,10874,2,1.3894898891448975,366.92046044137254,71.88343962828735,0.0,14403.964366400001,8,7.75,1,,248.70967741935002,255.0,0.0,255.0,393210.0,39.565821955924854,0.7990923902800146,5.584007794586573
ID11002,11002,2,1.4205684661865234,365.6885766698181,66.03677818029284,0.0,19805.4510038,11,7.75,1,,239.99999999999542,255.0,0.0,255.0,379440.0,60.01898433839523,0.8547660066551787,3.685621307914876
ID10494,10494,2,1.3532472848892212,362.403675853436,75.41642362152417,0.0,3600.9910916000003,2,7.75,1,,254.999999999995,255.0,255.0,255.0,403155.0,5.003803590643346E-12,0.743389529724929,4.346022078113248E13
ID10783,10783,2,1.3601187467575073,364.9787567464117,75.5828964807011,0.0,10802.9732748,6,7.75,1,,254.999999999995,255.0,255.0,255.0,403155.0,5.003803590643346E-12,0.754599035542057,4.3833715158817086E13
ID10592,10592,3,1.429563045501709,311.0583661832451,72.66265743202923,0.0,9002.477729,5,7.75,1,,245.64516129031784,255.0,0.0,255.0,388365.0,47.95232294292612,0.859691875835025,4.736203864858505
ID11042,11042,3,1.23366379737854,305.99810545225563,64.88631443210808,0.0,23406.4420954,13,7.75,1,,158.06451612903,255.0,0.0,255.0,249900.0,123.82147576390231,0.9645133414205881,1.2534922777207074
ID10883,10883,3,1.4274243116378784,306.4801435863799,65.28917746811656,0.0,18004.955458,10,7.75,1,,226.29032258064098,255.0,0.0,255.0,357765.0,80.62774965161233,0.8968662304112719,2.6540090869457247
ID10443,10443,3,1.4299958944320679,313.2632595464331,75.85211546118471,0.0,5401.4866374,3,7.75,1,,249.51612903225322,255.0,0.0,255.0,394485.0,37.00243610445386,0.8591975775927303,6.232550434697841
ID11083,11083,3,1.2972043752670288,305.45423107406424,63.348408292071824,0.0,25206.937641200002,14,7.75,1,,171.9354838709651,255.0,0.0,255.0,271830.0,119.54403727368857,0.9580247933837935,1.4074278932897613
ID10829,10829,3,1.4265353679656982,306.23589672523394,65.70615764111997,0.0,16204.459912200002,9,7.75,1,,226.7741935483829,255.0,0.0,255.0,358530.0,80.03084210500602,0.8909160204602945,2.670119923404042
ID10735,10735,3,1.4281353950500488,313.6289703141086,76.13820803664315,0.0,7201.982183200001,4,7.75,1,,248.70967741935002,255.0,0.0,255.0,393210.0,39.565821955924854,0.8558930201719166,5.797877481834649
ID10543,10543,3,1.4307535886764526,309.42721803119815,74.01529173517201,0.0,1800.4955458000002,1,7.75,1,,249.67741935483386,255.0,0.0,255.0,394740.0,36.46600188654095,0.8582045974323298,6.3243867322084615
ID10641,10641,3,1.4266204833984375,307.7788469718658,68.60454045530703,0.0,12603.468820600001,7,7.75,1,,237.9032258064471,255.0,0.0,255.0,376125.0,63.796175600367874,0.8671737748314992,3.4638340588917593
ID10961,10961,3,1.2941614389419556,306.8249658785957,65.5327977163355,0.0,21605.9465496,12,7.75,1,,169.67741935483613,255.0,0.0,255.0,268260.0,120.35978628407881,0.9758195135455074,1.3924989176034788
ID10873,10873,3,1.435836672782898,308.5587701230926,66.70072924916444,0.0,14403.964366400001,8,7.75,1,,234.99999999999557,255.0,0.0,255.0,371535.0,68.57823768181967,0.8893931147930041,3.226138233812936
ID11001,11001,3,1.4293473958969116,307.2260988725823,65.11356589979971,0.0,19805.4510038,11,7.75,1,,225.32258064515713,255.0,0.0,255.0,356235.0,81.79990825050757,0.9068609116055091,2.6200137005421933
ID10493,10493,3,1.4313859939575195,310.6623445788326,74.99607245031955,0.0,3600.9910916000003,2,7.75,1,,252.41935483870475,255.0,0.0,255.0,399075.0,25.530708337041467,0.8592812169854739,9.138607406850127
ID10782,10782,3,1.42599618434906,310.7686856505018,71.27256680400541,0.0,10802.9732748,6,7.75,1,,240.3225806451567,255.0,0.0,255.0,379950.0,59.409997261420116,0.8646599990624295,3.7515501460428458
ID10687,10687,3,1.4313288927078247,310.73952489448493,73.75514338306405,0.0,0.0,0,7.75,1,,251.12903225805962,255.0,0.0,255.0,397035.0,31.188581948145522,0.8578954771276481,7.436085768644537
ID10496,10496,4,1.408020257949829,329.9949005634244,104.81176189489764,0.0,3600.9910916000003,2,7.75,1,,250.32258064515642,255.0,0.0,255.0,395760.0,34.22871216723128,0.8227144741373849,6.6019154695176585
ID10737,10737,4,1.3921403884887695,330.3631875934193,98.94739061044736,0.0,7201.982183200001,4,7.75,1,,250.80645161289834,255.0,0.0,255.0,396525.0,32.44124947055858,0.8039662572322134,6.890972846325013
ID10545,10545,4,1.4004243612289429,330.8707449727234,104.33189438712556,0.0,1800.4955458000002,1,7.75,1,,250.80645161289834,255.0,0.0,255.0,396525.0,32.44124947055858,0.8148085800774606,6.942180423472247
ID10785,10785,4,1.4228227138519287,328.93528487975095,97.03103806837373,0.0,10802.9732748,6,7.75,1,,241.77419354838247,255.0,0.0,255.0,382245.0,56.56573630281306,0.8594595686650816,3.9511653612487048
ID10689,10689,4,1.4092644453048706,333.4036652401288,105.76665249084587,0.0,0.0,0,7.75,1,,248.38709677418873,255.0,0.0,255.0,392700.0,40.5413298787539,0.8273694748168005,5.547970767942332
ID10833,10833,4,1.252210021018982,328.17785927320915,88.63835928088183,0.0,16204.459912200002,9,7.75,1,,150.64516129032054,255.0,0.0,255.0,238170.0,125.42129494224703,0.9917634443146839,1.1961461344345108
ID10595,10595,4,1.397774577140808,329.46578334499793,95.56819090754317,0.0,9002.477729,5,7.75,1,,249.0322580645113,255.0,0.0,255.0,393720.0,38.562946691000846,0.8125842464614064,5.790093640558458
ID10644,10644,4,1.418447494506836,325.5461842988492,92.23857546188567,0.0,12603.468820600001,7,7.75,1,,218.22580645160895,255.0,0.0,255.0,345015.0,89.61114443540592,0.9130756931547861,2.3246025339230942
ID10889,10889,4,1.3152574300765991,331.36715829034887,88.91863280488901,0.0,18004.955458,10,7.75,1,,166.93548387096524,255.0,0.0,255.0,263925.0,121.28642587221808,0.9870235626634586,1.367385471060673
ID10445,10445,4,1.3958812952041626,327.9083094133954,103.7506158600106,0.0,5401.4866374,3,7.75,1,,251.61290322580155,255.0,0.0,255.0,397800.0,29.202339692704104,0.8038615535692624,7.679329663774926
ID10878,10878,4,1.3977693319320679,327.70956844595355,90.38503765553752,0.0,14403.964366400001,8,7.75,1,,201.29032258064169,255.0,0.0,255.0,318240.0,104.01000360218373,0.9492258727026694,1.8848863958463313
ID10498,10498,5,1.4548360109329224,306.2806219131384,132.5644295018064,0.0,3600.9910916000003,2,7.75,1,,254.67741935483372,255.0,0.0,255.0,402645.0,9.066752585682789,0.8804090518976088,26.30273063009425
ID10882,10882,5,1.3875645399093628,308.46475979023967,128.05944202156695,0.0,14403.964366400001,8,7.75,1,,192.90322580644838,255.0,0.0,255.0,304980.0,109.48173130521891,0.982394580663666,1.7463194275549099
ID10787,10787,5,1.447609305381775,308.36983130214503,128.73068343879004,0.0,10802.9732748,6,7.75,1,,247.58064516128553,255.0,0.0,255.0,391425.0,42.872499873537116,0.8909613471110787,5.441818966341826
ID10691,10691,5,1.4502005577087402,312.56864987548886,132.71075267348414,0.0,0.0,0,7.75,1,,254.83870967741436,255.0,0.0,255.0,402900.0,6.413192049055229,0.8747348882689909,37.081537643338
ID10597,10597,5,1.4473568201065063,307.9943782696837,129.0387412501418,0.0,9002.477729,5,7.75,1,,253.70967741934987,255.0,0.0,255.0,401115.0,18.09901986883127,0.8770919536432185,13.100007695858581
ID11045,11045,5,1.3205920457839966,308.20411247430866,131.08946752440522,0.0,23406.4420954,13,7.75,1,,166.29032258064268,255.0,0.0,255.0,262905.0,121.49443322647616,0.9968829952109322,1.3665708770972096
ID10893,10893,5,1.316653847694397,311.1182411562968,130.37401954550853,0.0,18004.955458,10,7.75,1,,170.64516129031998,255.0,0.0,255.0,269790.0,120.01606415546664,0.9981763440331017,1.42055500192979
ID11086,11086,5,1.3432164192199707,304.8530633757135,130.5895667583887,0.0,25206.937641200002,14,7.75,1,,172.7419354838683,255.0,0.0,255.0,273105.0,119.24097691542799,0.9975986676478562,1.4469378331503582
ID10447,10447,5,1.44894540309906,306.03746687579724,131.2909217673381,0.0,5401.4866374,3,7.75,1,,253.70967741934987,255.0,0.0,255.0,401115.0,18.09901986883127,0.8756511247969954,13.088534437934563
ID10834,10834,5,1.3422400951385498,309.27463157986676,129.38894796789376,0.0,16204.459912200002,9,7.75,1,,177.0967741935456,255.0,0.0,255.0,279990.0,117.4952845634701,0.9964885277469606,1.5046160598330813
ID10739,10739,5,1.4464445114135742,308.8289007001677,130.49511424588653,0.0,7201.982183200001,4,7.75,1,,254.999999999995,255.0,255.0,255.0,403155.0,5.003803590643346E-12,0.8669707335613811,4.733003752769795E13
ID10547,10547,5,1.4533904790878296,309.81247470513256,131.33420895145014,0.0,1800.4955458000002,1,7.75,1,,254.83870967741436,255.0,0.0,255.0,402900.0,6.413192049055229,0.8779623096514695,37.15439108721774
ID10963,10963,5,1.2863068580627441,309.94077858802115,130.76653679893232,0.0,21605.9465496,12,7.75,1,,159.1935483870945,255.0,0.0,255.0,251685.0,123.53712805866941,0.997394565171714,1.2869482734653097
ID10646,10646,5,1.4246842861175537,307.809626918555,127.64717913940918,0.0,12603.468820600001,7,7.75,1,,207.2580645161254,255.0,0.0,255.0,327675.0,99.5045915538683,0.9703876206144112,2.0515962176348803
ID11004,11004,5,1.309619426727295,310.5953034541049,130.26419717209328,0.0,19805.4510038,11,7.75,1,,164.83870967741692,255.0,0.0,255.0,260610.0,121.94866597681307,0.9943471704964332,1.3478744128421556
ID10501,10501,6,1.2802821397781372,309.9719737517939,163.0629907196628,0.0,3600.9910916000003,2,7.75,1,,254.67741935483372,255.0,0.0,255.0,402645.0,9.066752585682789,0.6847411746587423,22.83294469996712
ID10789,10789,6,1.2476750612258911,309.5544457419279,163.3829601928998,0.0,10802.9732748,6,7.75,1,,254.999999999995,255.0,255.0,255.0,403155.0,5.003803590643346E-12,0.6439089692101684,3.992239903695332E13
ID10600,10600,6,1.237588882446289,309.25809323609786,163.3428098852684,0.0,9002.477729,5,7.75,1,,254.999999999995,255.0,255.0,255.0,403155.0,5.003803590643346E-12,0.6356976356976298,3.961115372221615E13
ID10888,10888,6,1.2635440826416016,300.99853735886364,169.84316866132954,0.0,14403.964366400001,8,7.75,1,,254.999999999995,255.0,255.0,255.0,403155.0,5.003803590643346E-12,0.662267343485612,4.0607138729375086E13
ID11048,11048,6,1.2469065189361572,295.4244507602238,168.25687655508,0.0,23406.4420954,13,7.75,1,,207.7419354838673,255.0,0.0,255.0,328440.0,99.11455688178445,0.717577169614466,1.751334405263042
ID10449,10449,6,1.273171305656433,310.86444302802806,161.6551657598032,0.0,5401.4866374,3,7.75,1,,254.999999999995,255.0,255.0,255.0,403155.0,5.003803590643346E-12,0.6730245231607576,4.1001382794708836E13
ID11089,11089,6,1.2980668544769287,296.4479508662798,170.4218233368256,0.0,25206.937641200002,14,7.75,1,,236.2903225806407,255.0,0.0,255.0,373575.0,66.51100480911974,0.72063661412319,2.9758400591142764
ID10899,10899,6,1.2854329347610474,298.4214838155712,170.68151884814563,0.0,18004.955458,10,7.75,1,,251.12903225805962,255.0,0.0,255.0,397035.0,31.188581948145522,0.6933543231771666,6.593844126519094
ID10741,10741,6,1.255366325378418,308.7284290530263,162.13642075090664,0.0,7201.982183200001,4,7.75,1,,254.999999999995,255.0,255.0,255.0,403155.0,5.003803590643346E-12,0.6535936710991359,4.028551857081334E13
ID10837,10837,6,1.2752412557601929,295.94748979419074,169.62525778038375,0.0,16204.459912200002,9,7.75,1,,253.54838709676923,255.0,0.0,255.0,400860.0,19.19080654743689,0.6806627871746869,10.701608128019316
ID10966,10966,6,1.296920657157898,298.93174808735085,169.13788218369604,0.0,21605.9465496,12,7.75,1,,245.4838709677372,255.0,0.0,255.0,388110.0,48.348057955246986,0.7102913429824218,4.2173568346899835
ID10648,10648,6,1.2397189140319824,307.7247604540633,165.47891462919767,0.0,12603.468820600001,7,7.75,1,,254.999999999995,255.0,255.0,255.0,403155.0,5.003803590643346E-12,0.6329787234042495,3.950740528397042E13
ID11007,11007,6,1.2884877920150757,295.40002357582324,169.83852989087958,0.0,19805.4510038,11,7.75,1,,248.38709677418873,255.0,0.0,255.0,392700.0,40.5413298787539,0.701010591177226,5.049851394835942
ID11009,11009,8,1.081445336341858,327.0277329334961,196.97880519384967,0.0,19805.4510038,11,7.75,1,,145.80645161290133,255.0,0.0,255.0,230520.0,126.21885948619293,0.725398982544723,0.9713369048217901
ID10793,10793,8,1.3257206678390503,323.5766055551225,195.37480715961627,0.0,10802.9732748,6,7.75,1,,177.0967741935456,255.0,0.0,255.0,279990.0,117.4952845634701,0.9536131626603718,1.4714783379823915
ID10697,10697,8,1.2363766431808472,318.7401460776245,203.6377132739547,0.0,0.0,0,7.75,1,,180.96774193548097,255.0,0.0,255.0,286110.0,115.78397977016293,0.7421247783330611,1.3316201685081912
ID10506,10506,8,1.387328028678894,323.70023534034044,198.36630291947338,0.0,3600.9910916000003,2,7.75,1,,193.22580645160966,255.0,0.0,255.0,305490.0,109.288256596068,0.9661917617812937,1.7376371148774414
ID10890,10890,8,1.116618037223816,325.1719296130096,195.78017380337963,0.0,14403.964366400001,8,7.75,1,,138.87096774193378,255.0,0.0,255.0,219555.0,127.03211414316671,0.8615187865975341,1.0118712589597418
ID11051,11051,8,1.0515996217727661,321.9013552585532,196.32014583458385,0.0,23406.4420954,13,7.75,1,,128.2258064516115,255.0,0.0,255.0,202725.0,127.53827518593485,0.7617672893920114,0.8694381110991596
ID10604,10604,8,1.286379337310791,323.62471791225835,195.91473899302662,0.0,9002.477729,5,7.75,1,,173.06451612902958,255.0,0.0,255.0,273615.0,119.11800717147513,0.9282759730875739,1.398841566180879
ID11092,11092,8,1.0578120946884155,321.80235863351254,196.12538473315317,0.0,25206.937641200002,14,7.75,1,,124.67741935483741,0.0,0.0,255.0,197115.0,127.50908501727885,0.8080274162877282,0.8739724760819014
ID10453,10453,8,1.3564428091049194,324.874812290679,197.43696750731047,0.0,5401.4866374,3,7.75,1,,178.54838709677136,255.0,0.0,255.0,282285.0,116.87151754342787,0.9855672034279397,1.5166273939359391
ID10901,10901,8,1.2361241579055786,326.80945661817316,194.7251910648465,0.0,18004.955458,10,7.75,1,,157.2580645161268,255.0,0.0,255.0,248625.0,124.01788537223787,0.9237907015979361,1.217795500778022
ID10838,10838,8,1.1809077262878418,326.34213605952414,196.29907333481134,0.0,16204.459912200002,9,7.75,1,,152.0967741935463,255.0,0.0,255.0,240465.0,125.14453465045236,0.8603086527347469,1.1241063368407422
ID10744,10744,8,1.2766673564910889,325.68681506046823,196.67060863269063,0.0,7201.982183200001,4,7.75,1,,153.2258064516108,255.0,0.0,255.0,242250.0,124.917183672395,0.9993226193508501,1.2262035395589725
ID10969,10969,8,1.037245512008667,323.3070506006833,196.6172823133965,0.0,21605.9465496,12,7.75,1,,129.354838709676,255.0,0.0,255.0,204510.0,127.52684486687093,0.7642251937292753,0.8787764107732842
ID10554,10554,8,1.36539888381958,325.7156101142158,201.47525314197438,0.0,1800.4955458000002,1,7.75,1,,184.51612903225507,255.0,0.0,255.0,291720.0,114.07735227896953,0.960830689064915,1.5851547575765985
ID10650,10650,8,1.300066590309143,325.0278543271651,194.7531335814305,0.0,12603.468820600001,7,7.75,1,,178.54838709677136,255.0,0.0,255.0,282285.0,116.87151754342787,0.9142856841102472,1.4593263084224526
ID11010,11010,9,1.4208407402038574,322.20654139580967,216.0430638565862,0.0,19805.4510038,11,7.75,1,,241.61290322580183,255.0,0.0,255.0,381990.0,56.89061843847886,0.8769944980990061,3.968654881674762
ID10699,10699,9,1.4038439989089966,317.2235804799244,228.94649287855273,0.0,0.0,0,7.75,1,,254.1935483870918,255.0,0.0,255.0,401880.0,14.322169550344896,0.8083267274798371,15.86703378021987
ID10508,10508,9,1.4053757190704346,317.55965415696903,226.07767425314046,0.0,3600.9910916000003,2,7.75,1,,254.51612903225308,255.0,0.0,255.0,402390.0,11.100941877865104,0.8065471560316805,20.472267049247517
ID10796,10796,9,1.4083552360534668,318.25511349306845,217.4833078048087,0.0,10802.9732748,6,7.75,1,,253.0645161290273,255.0,0.0,255.0,400095.0,22.138479864951723,0.820718825657276,10.30540266294298
ID11052,11052,9,1.4351385831832886,324.48956690229704,216.93958523204864,0.0,23406.4420954,13,7.75,1,,236.61290322580197,255.0,0.0,255.0,374085.0,65.98013268667046,0.9007467771150821,3.3988632345543714
ID10608,10608,9,1.395961880683899,318.42602215177095,218.36762535149444,0.0,9002.477729,5,7.75,1,,254.51612903225308,255.0,0.0,255.0,402390.0,11.100941877865104,0.7953010539188827,20.313265663058903
ID10898,10898,9,1.4189971685409546,317.7667273467418,215.77839136980168,0.0,14403.964366400001,8,7.75,1,,250.80645161289834,255.0,0.0,255.0,396525.0,32.44124947055858,0.8506096489899727,7.107004812414906
ID11093,11093,9,1.4450740814208984,325.4386487202133,217.45298291282845,0.0,25206.937641200002,14,7.75,1,,236.45161290322133,255.0,0.0,255.0,373830.0,66.2462969989089,0.9134582348281657,3.4078492668940767
ID10457,10457,9,1.3978298902511597,318.1198648900369,223.25852706855275,0.0,5401.4866374,3,7.75,1,,254.35483870967244,255.0,0.0,255.0,402135.0,12.814201365491435,0.799470117138722,17.637460389180045
ID10841,10841,9,1.4181135892868042,320.99347836395134,216.0162830444794,0.0,16204.459912200002,9,7.75,1,,247.4193548387049,255.0,0.0,255.0,391170.0,43.32188156834489,0.8580890037250488,5.274996532032561
ID10905,10905,9,1.436790943145752,322.60765120577463,215.90428372353088,0.0,18004.955458,10,7.75,1,,245.4838709677372,255.0,0.0,255.0,388110.0,48.348057955246986,0.8758353649899984,4.741346365871328
ID10970,10970,9,1.4309735298156738,323.44801314130297,216.53786777336356,0.0,21605.9465496,12,7.75,1,,240.16129032257606,255.0,0.0,255.0,379695.0,59.71548508419064,0.889709615418897,3.7870344047723683
ID10748,10748,9,1.3995494842529297,317.2548578322519,222.61948455340962,0.0,7201.982183200001,4,7.75,1,,254.51612903225308,255.0,0.0,255.0,402390.0,11.100941877865104,0.8018993885482213,20.406795890228675
ID10557,10557,9,1.403037667274475,315.9909315122033,230.35178942996842,0.0,1800.4955458000002,1,7.75,1,,254.51612903225308,255.0,0.0,255.0,402390.0,11.100941877865104,0.805881721831759,20.46291402653054
ID10654,10654,9,1.418431043624878,319.3590610690348,216.1003054151607,0.0,12603.468820600001,7,7.75,1,,253.3870967741886,255.0,0.0,255.0,400605.0,20.222451127495145,0.8384159811297195,11.42869013561766
ID10656,10656,10,1.4598443508148193,238.80888259866583,298.4018276950094,0.0,12603.468820600001,7,7.75,1,,232.58064516128596,255.0,0.0,255.0,367710.0,72.23301327946928,0.9520711962247824,3.1408095824208897
ID10610,10610,10,1.3827202320098877,237.45535967235838,296.2641046558587,0.0,9002.477729,5,7.75,1,,253.54838709676923,255.0,0.0,255.0,400860.0,19.19080654743689,0.7798849040659724,11.578071164198292
ID11012,11012,10,1.408653736114502,243.98777369099557,300.1916386539142,0.0,19805.4510038,11,7.75,1,,204.99999999999642,255.0,0.0,255.0,324105.0,101.27431728613043,0.9462771380664978,1.9683313019191748
ID10902,10902,10,1.4415842294692993,240.40657551727705,299.6153920288685,0.0,14403.964366400001,8,7.75,1,,218.22580645160895,255.0,0.0,255.0,345015.0,89.61114443540592,0.9621904172676774,2.388327921228127
ID11095,11095,10,1.3288466930389404,246.1463109837019,299.6740801025578,0.0,25206.937641200002,14,7.75,1,,179.35483870967457,255.0,0.0,255.0,283560.0,116.51571832759461,0.9525271727279675,1.5018925518014223
ID10459,10459,10,1.1663711071014404,237.48039774368252,296.58031261060574,0.0,5401.4866374,3,7.75,1,,254.999999999995,255.0,255.0,255.0,403155.0,5.003803590643346E-12,0.5630867143993568,3.671657229516046E13
ID10843,10843,10,1.422398328781128,242.7951494676578,301.44538766742846,0.0,16204.459912200002,9,7.75,1,,210.16129032257692,255.0,0.0,255.0,332265.0,97.10471273213234,0.9546144038357286,2.114021024863844
ID10972,10972,10,1.390451431274414,244.5177866601323,300.28517331248656,0.0,21605.9465496,12,7.75,1,,196.45161290322247,255.0,0.0,255.0,310590.0,107.2809618593172,0.9555578218017892,1.7895722878375497
ID10750,10750,10,1.1523383855819702,236.72917678932555,295.4613406631572,0.0,7201.982183200001,4,7.75,1,,254.999999999995,255.0,255.0,255.0,403155.0,5.003803590643346E-12,0.5500157778478948,3.616670557245813E13
ID10798,10798,10,1.4559128284454346,237.76640994145288,298.3069740346461,0.0,10802.9732748,6,7.75,1,,246.2903225806404,255.0,0.0,255.0,389385.0,46.329978688485376,0.9021696624614445,5.042596415611018
ID10910,10910,10,1.3995457887649536,243.9118008990304,301.344377524886,0.0,18004.955458,10,7.75,1,,202.25806451612553,255.0,0.0,255.0,319770.0,103.31618150394307,0.9519043562910677,1.9094235606602215
ID11054,11054,10,1.368021011352539,245.88635326502728,300.6741538758194,0.0,23406.4420954,13,7.75,1,,186.45161290322275,255.0,0.0,255.0,294780.0,113.08866676025417,0.9823378596524545,1.6340308928564748
ID10752,10752,12,1.328886866569519,344.83250012687006,336.9475466787079,0.0,7201.982183200001,4,7.75,1,,154.8387096774172,255.0,0.0,255.0,244800.0,124.57391652279533,1.0,1.2429464690474255
ID10560,10560,12,1.3094402551651,352.3157786010811,344.0565259105053,0.0,1800.4955458000002,1,7.75,1,,149.6774193548367,255.0,0.0,255.0,236640.0,125.59613667129237,1.0,1.19173585527212
ID10912,10912,12,1.290198564529419,338.01698105613366,336.70299359576575,0.0,18004.955458,10,7.75,1,,144.35483870967556,255.0,0.0,255.0,228225.0,126.42101635759917,1.0,1.1418579194249485
ID10657,10657,12,1.328270673751831,332.4306988566754,345.6688785877652,0.0,12603.468820600001,7,7.75,1,,154.35483870967528,255.0,0.0,255.0,244035.0,124.67918815571225,1.0,1.23801607143047
ID11013,11013,12,1.2781192064285278,336.9258738754576,336.94550421971695,0.0,19805.4510038,11,7.75,1,,141.7741935483853,255.0,0.0,255.0,224145.0,126.73853876001301,1.0,1.1186352228412797
ID10702,10702,12,1.4485979080200195,354.24815610434536,327.5752491728121,0.0,0.0,0,7.75,1,,204.03225806451258,255.0,0.0,255.0,322575.0,102.008064197347,1.0,2.0001581215166224
ID10511,10511,12,1.28581964969635,350.6282456409611,339.86892637217784,0.0,3600.9910916000003,2,7.75,1,,143.06451612903044,255.0,0.0,255.0,226185.0,126.58645771990385,1.0,1.1301723636630023
ID10799,10799,12,1.3526411056518555,337.321248803828,346.7665904079967,0.0,10802.9732748,6,7.75,1,,162.09677419354603,255.0,0.0,255.0,256275.0,122.75522158465195,1.0,1.3204878138871197
ID11055,11055,12,1.271554946899414,337.7674885664457,334.91460947315716,0.0,23406.4420954,13,7.75,1,,139.83870967741763,255.0,0.0,255.0,221085.0,126.94171360317578,1.0,1.10159777828869
ID10611,10611,12,1.3542007207870483,345.613637169974,338.1743649552012,0.0,9002.477729,5,7.75,1,,162.4193548387073,255.0,0.0,255.0,256785.0,122.66379121724005,1.0,1.3241018659781953
ID10904,10904,12,1.3094390630722046,332.4902575623491,347.27368014591315,0.0,14403.964366400001,8,7.75,1,,149.03225806451414,255.0,0.0,255.0,235620.0,125.70842130345581,1.0,1.1855391748557194
ID11096,11096,12,1.2449514865875244,339.98162149128666,336.48754443076484,0.0,25206.937641200002,14,7.75,1,,134.03225806451456,255.0,0.0,255.0,211905.0,127.37284390254513,1.0,1.0522828411295004
ID10844,10844,12,1.309755563735962,331.048044283345,344.950521654209,0.0,16204.459912200002,9,7.75,1,,149.03225806451414,255.0,0.0,255.0,235620.0,125.70842130345581,1.0,1.1855391748557194
ID10461,10461,12,1.3038517236709595,348.7894668273149,339.90470960863746,0.0,5401.4866374,3,7.75,1,,147.09677419354645,255.0,0.0,255.0,232560.0,126.02484734295875,1.0,1.1672045417618593
ID10973,10973,12,1.2725838422775269,338.30821056042583,335.95340319894905,0.0,21605.9465496,12,7.75,1,,140.1612903225789,255.0,0.0,255.0,221595.0,126.90992487689232,1.0,1.1044155172145989
ID10753,10753,13,1.4044208526611328,265.60009368686974,362.29857664790995,0.0,7201.982183200001,4,7.75,1,,254.999999999995,255.0,255.0,255.0,403155.0,5.003803590643346E-12,0.7976212259835281,4.522394423130977E13
ID10561,10561,13,1.4183039665222168,254.5780762283551,359.3022701708024,0.0,1800.4955458000002,1,7.75,1,,254.51612903225308,255.0,0.0,255.0,402390.0,11.100941877865104,0.820973554176827,20.67335703766253
ID10658,10658,13,1.4214004278182983,273.37185170155556,371.86924472555256,0.0,12603.468820600001,7,7.75,1,,251.61290322580155,255.0,0.0,255.0,397800.0,29.202339692704104,0.8380660526203083,7.857101997526419
ID10914,10914,13,1.4077907800674438,272.69245377543047,378.39784923126825,0.0,18004.955458,10,7.75,1,,230.16129032257635,255.0,0.0,255.0,363885.0,75.63417062700735,0.8556043791096816,2.806285422227915
ID11014,11014,13,1.3999072313308716,273.4027160783298,376.1556187482466,0.0,19805.4510038,11,7.75,1,,210.96774193548012,255.0,0.0,255.0,333540.0,96.4119568023313,0.9084252919603779,2.083191554703312
ID10703,10703,13,1.4133130311965942,254.0992145873581,358.76222965234103,0.0,0.0,0,7.75,1,,254.67741935483372,255.0,0.0,255.0,402645.0,9.066752585682789,0.811661694126778,25.169038197478454
ID10512,10512,13,1.4210796356201172,256.0126480745636,360.26935587597893,0.0,3600.9910916000003,2,7.75,1,,254.999999999995,255.0,255.0,255.0,403155.0,5.003803590643346E-12,0.8226345083487908,4.6002057518152695E13
ID10800,10800,13,1.4200239181518555,274.27364909454576,367.6237609954961,0.0,10802.9732748,6,7.75,1,,254.83870967741436,255.0,0.0,255.0,402900.0,6.413192049055229,0.8232091183008258,35.883503232871185
ID11057,11057,13,1.369847059249878,271.02560881677715,372.4615936015437,0.0,23406.4420954,13,7.75,1,,194.9999999999967,255.0,0.0,255.0,308295.0,108.20076276667739,0.9385843743833382,1.7451103592877724
ID10612,10612,13,1.3990002870559692,269.0674261000682,362.2305329069038,0.0,9002.477729,5,7.75,1,,254.999999999995,255.0,255.0,255.0,403155.0,5.003803590643346E-12,0.7904137051211919,4.499569766716918E13
ID10906,10906,13,1.4296894073486328,272.64526608732046,374.08606217070053,0.0,14403.964366400001,8,7.75,1,,245.96774193547913,255.0,0.0,255.0,388875.0,47.14923355242991,0.8580396030222511,4.818211715782484
ID11098,11098,13,1.3183645009994507,272.1679157906469,369.51590566282295,0.0,25206.937641200002,14,7.75,1,,173.5483870967715,255.0,0.0,255.0,274380.0,118.93167261980251,0.9816242848436434,1.4456961649079554
ID10845,10845,13,1.4176373481750488,271.45820858566054,377.45294748311085,0.0,16204.459912200002,9,7.75,1,,235.64516129031813,255.0,0.0,255.0,372555.0,67.55561204415591,0.8606321101502549,3.2268897169051454
ID10462,10462,13,1.4076920747756958,260.79754408822265,361.89513857046364,0.0,5401.4866374,3,7.75,1,,254.999999999995,255.0,255.0,255.0,403155.0,5.003803590643346E-12,0.8055504502848707,4.5472940483099516E13
ID10975,10975,13,1.3758782148361206,272.3183356987658,374.5249157656055,0.0,21605.9465496,12,7.75,1,,203.06451612902873,255.0,0.0,255.0,321045.0,102.72744884609365,0.9096807583746814,1.8832404324013339
ID10464,10464,14,1.1864529848098755,274.8319062752225,422.9675430337813,0.0,5401.4866374,3,7.75,1,,227.25806451612482,255.0,0.0,255.0,359295.0,79.42649937894225,0.6211541990855107,2.1925978160703954
ID10514,10514,14,1.198571801185608,270.93716005126964,428.4519216703639,0.0,3600.9910916000003,2,7.75,1,,242.90322580644695,255.0,0.0,255.0,384030.0,54.223658911861975,0.6156756623940315,3.414068744369658
ID10802,10802,14,1.1409497261047363,289.1855585411629,421.8225499527735,0.0,10802.9732748,6,7.75,1,,212.9032258064478,255.0,0.0,255.0,336600.0,94.70064157599288,0.5824892897439949,1.6550323270493785
ID10706,10706,14,1.2408992052078247,269.9541127099269,435.5150631701128,0.0,0.0,0,7.75,1,,230.64516129031827,255.0,0.0,255.0,364650.0,74.97253478324834,0.6728075770931983,2.4746685333150102
ID10755,10755,14,1.1551837921142578,282.7529083930166,426.67247805758745,0.0,7201.982183200001,4,7.75,1,,245.80645161289848,255.0,0.0,255.0,388620.0,47.55274735633143,0.5637317430908582,3.726987170102965
ID10563,10563,14,1.195029377937317,268.4918136073468,431.23571370670214,0.0,1800.4955458000002,1,7.75,1,,241.4516129032212,255.0,0.0,255.0,381735.0,57.21320081135793,0.6143714073539789,3.2121173251716413
ID10660,10660,14,1.2014299631118774,291.50649567573714,418.984766367914,0.0,12603.468820600001,7,7.75,1,,203.22580645160937,255.0,0.0,255.0,321300.0,102.60853588958086,0.6641646869970952,1.5809016007068026
ID10614,10614,14,1.15739107131958,285.71659073826436,425.43925281189325,0.0,9002.477729,5,7.75,1,,243.0645161290276,255.0,0.0,255.0,384285.0,53.878833937148265,0.5706203564923746,3.278003472280123
ID10918,10918,14,1.2054535150527954,295.4445621860635,421.93859589361057,0.0,18004.955458,10,7.75,1,,187.90322580644852,255.0,0.0,255.0,297075.0,112.31954357695376,0.7026954007871811,1.3808262980174693
ID10909,10909,14,1.2985676527023315,292.98796878974616,418.2688227811639,0.0,14403.964366400001,8,7.75,1,,200.64516129031912,255.0,0.0,255.0,317220.0,104.46500817905981,0.8031246541973587,1.7109804624152138
ID10847,10847,14,1.2244499921798706,294.09040570987713,420.8221199874813,0.0,16204.459912200002,9,7.75,1,,197.4193548387063,255.0,0.0,255.0,312120.0,106.65237203454983,0.7084350793800271,1.5351498788822586
ID10848,10848,15,1.2618029117584229,291.2173024981334,437.87884756365594,0.0,16204.459912200002,9,7.75,1,,207.41935483870603,255.0,0.0,255.0,327930.0,99.37501203802798,0.7231246643063617,1.7518566106960292
ID10465,10465,15,1.2030361890792847,285.8029631680125,434.8994661807506,0.0,5401.4866374,3,7.75,1,,223.38709677418944,255.0,0.0,255.0,353175.0,84.06178821834013,0.6642847322488754,2.12136840811003
ID10978,10978,15,1.0550122261047363,291.95061145137635,434.7570169498581,0.0,21605.9465496,12,7.75,1,,152.9032258064495,255.0,0.0,255.0,241740.0,124.98322468080725,0.7127352374857211,1.0181995849864052
ID10756,10756,15,1.1457902193069458,293.51800487315603,432.86096475054364,0.0,7201.982183200001,4,7.75,1,,233.06451612902788,255.0,0.0,255.0,368475.0,71.52355290283559,0.5840141738765832,2.402820882245639
ID10564,10564,15,1.1682401895523071,277.05785054485483,441.9218221152199,0.0,1800.4955458000002,1,7.75,1,,227.90322580644738,255.0,0.0,255.0,360315.0,78.60884654674817,0.6113078044117511,2.199836856221091
ID10661,10661,15,1.2498189210891724,290.9752446410599,435.39866847969085,0.0,12603.468820600001,7,7.75,1,,224.3548387096733,255.0,0.0,255.0,354705.0,82.94420854597543,0.6892522356485598,2.2073085716007883
ID10920,10920,15,1.229236364364624,293.04591401347966,438.112884446362,0.0,18004.955458,10,7.75,1,,196.45161290322247,255.0,0.0,255.0,310590.0,107.2809618593172,0.7083651359438415,1.5185860780391318
ID11017,11017,15,1.1064540147781372,292.7104300732629,435.80402677388855,0.0,19805.4510038,11,7.75,1,,152.9032258064495,255.0,0.0,255.0,241740.0,124.98322468080725,0.7008664360407553,1.0082308204426502
ID10515,10515,15,1.1697545051574707,282.30223502309383,436.6296108134277,0.0,3600.9910916000003,2,7.75,1,,224.8387096774152,255.0,0.0,255.0,355470.0,82.37546746363967,0.6148404439784808,2.078432847806669
ID10803,10803,15,1.1986011266708374,294.9617370138869,434.83835551060594,0.0,10802.9732748,6,7.75,1,,231.77419354838275,255.0,0.0,255.0,366435.0,73.39311692581664,0.6280499365483054,2.4364987704737526
ID11059,11059,15,1.0543675422668457,292.28665155163105,433.7088122655739,0.0,23406.4420954,13,7.75,1,,158.3870967741913,255.0,0.0,255.0,250410.0,123.74135207418635,0.6973549382368471,1.051758787562692
ID10708,10708,15,1.2535721063613892,274.30978213901676,452.018040035726,0.0,0.0,0,7.75,1,,227.41935483870546,255.0,0.0,255.0,359550.0,79.22337019242642,0.6973877547719315,2.358833885686127
ID10615,10615,15,1.1518477201461792,295.60733019625275,433.3334820495954,0.0,9002.477729,5,7.75,1,,237.41935483870517,255.0,0.0,255.0,375360.0,64.6268303011482,0.5914637863974394,2.7306413261890214
ID11102,11102,15,1.191432237625122,291.42197710840156,430.4657391724809,0.0,25206.937641200002,14,7.75,1,,197.7419354838676,255.0,0.0,255.0,312630.0,106.44006071546762,0.673921581762539,1.4958840052659295
ID10911,10911,15,1.295672059059143,289.54087319690103,437.73138874304107,0.0,14403.964366400001,8,7.75,1,,199.03225806451272,255.0,0.0,255.0,314670.0,105.57668445509405,0.7932602685419504,1.6678532013748906
ID11104,11104,16,1.387229084968567,272.7618144349633,484.8271519616914,0.0,25206.937641200002,14,7.75,1,,213.709677419351,255.0,0.0,255.0,337875.0,93.96662396269107,0.8898232246974359,2.1417220875322096
ID10851,10851,16,1.3778795003890991,278.8980340821519,484.37088963479715,0.0,16204.459912200002,9,7.75,1,,230.322580645157,255.0,0.0,255.0,364140.0,75.41461549526366,0.8414492093882606,2.7911241501953263
ID10468,10468,16,1.4024505615234375,283.5197214688578,488.4731389973474,0.0,5401.4866374,3,7.75,1,,240.48387096773735,255.0,0.0,255.0,380205.0,59.10249003465848,0.8341047234922178,3.70089379638511
ID10917,10917,16,1.3798428773880005,279.20826519568453,484.24997359443785,0.0,14403.964366400001,8,7.75,1,,231.6129032258021,255.0,0.0,255.0,366180.0,73.62188334197282,0.8392249924448052,2.870974744548721
ID10981,10981,16,1.3877928256988525,272.8848100708032,484.8962217462913,0.0,21605.9465496,12,7.75,1,,217.2580645161251,255.0,0.0,255.0,343485.0,90.58106625055612,0.8749996280585784,2.238593074375181
ID10759,10759,16,1.367058515548706,281.836032403203,486.4087132943976,0.0,7201.982183200001,4,7.75,1,,239.19354838709222,255.0,0.0,255.0,378165.0,61.507675625746224,0.8077498149316785,3.475271055675452
ID10567,10567,16,1.4088798761367798,282.0268257322178,495.59996298764594,0.0,1800.4955458000002,1,7.75,1,,236.7741935483826,255.0,0.0,255.0,374340.0,65.7124941739979,0.8465562486115557,3.3037691121150736
ID10664,10664,16,1.355550765991211,279.76325064354205,483.96315366967593,0.0,12603.468820600001,7,7.75,1,,236.7741935483826,255.0,0.0,255.0,374340.0,65.7124941739979,0.8024075039655943,3.208177619910256
ID11020,11020,16,1.3793931007385254,273.3791193312092,485.06882075018007,0.0,19805.4510038,11,7.75,1,,219.999999999996,255.0,0.0,255.0,347820.0,87.77740835614404,0.8502446269813049,2.3034811721881967
ID10926,10926,16,1.347926378250122,276.88296251253,484.7766389957767,0.0,18004.955458,10,7.75,1,,223.06451612902816,255.0,0.0,255.0,352665.0,84.42856099083616,0.8084950305824103,2.3622787008649286
ID11061,11061,16,1.39107084274292,272.8053111647214,484.3218708518136,0.0,23406.4420954,13,7.75,1,,218.3870967741896,255.0,0.0,255.0,345270.0,89.44744973324484,0.8789566594093546,2.2842293423866513
ID10518,10518,16,1.403964877128601,283.7876609205432,491.44188000062303,0.0,3600.9910916000003,2,7.75,1,,238.06451612902774,255.0,0.0,255.0,376380.0,63.516057071586204,0.8362288949327296,3.413811100473484
ID10806,10806,16,1.3733105659484863,279.50581227813177,484.3117963596578,0.0,10802.9732748,6,7.75,1,,234.354838709673,255.0,0.0,255.0,370515.0,69.57985092948726,0.829763691432395,3.0547793641687315
ID10710,10710,16,1.3997008800506592,280.1099670201808,498.82825905877297,0.0,0.0,0,7.75,1,,236.2903225806407,255.0,0.0,255.0,373575.0,66.51100480911974,0.8458918077277238,3.25604949895266
ID10618,10618,16,1.4011281728744507,281.9852584033945,486.69248704253505,0.0,9002.477729,5,7.75,1,,239.19354838709222,255.0,0.0,255.0,378165.0,61.507675625746224,0.846879192052974,3.566425167213412
ID11107,11107,17,1.3265259265899658,312.52594670428147,521.3017822911879,0.0,25206.937641200002,14,7.75,1,,175.32258064515855,255.0,0.0,255.0,277185.0,118.22898155020711,0.9988162858403901,1.4820287799670053
ID10469,10469,17,1.4026838541030884,322.52455318141125,509.4216200642817,0.0,5401.4866374,3,7.75,1,,252.90322580644667,255.0,0.0,255.0,399840.0,23.035116196693014,0.8084493999163131,9.816133098365741
ID10853,10853,17,1.4270504713058472,335.7516514655541,504.80969774996794,0.0,16204.459912200002,9,7.75,1,,245.16129032257592,255.0,0.0,255.0,387600.0,49.12837659325039,0.8550519533260451,4.6002973797664035
ID10982,10982,17,1.4392205476760864,339.26855737416133,499.5814862535263,0.0,21605.9465496,12,7.75,1,,232.25806451612468,255.0,0.0,255.0,367200.0,72.70035044958318,0.8969668371133703,3.0212101967579517
ID10568,10568,17,1.4121887683868408,319.1004480693057,509.07172107136006,0.0,1800.4955458000002,1,7.75,1,,252.41935483870475,255.0,0.0,255.0,399075.0,25.530708337041467,0.8240575818366802,8.933235832754379
ID10761,10761,17,1.4003069400787354,324.2180880780859,508.15514355021713,0.0,7201.982183200001,4,7.75,1,,253.22580645160795,255.0,0.0,255.0,400350.0,21.20273428594686,0.8053230511435281,10.655192264996767
ID10921,10921,17,1.4283396005630493,335.8957503715674,504.39408513991856,0.0,14403.964366400001,8,7.75,1,,241.4516129032212,255.0,0.0,255.0,381735.0,57.21320081135793,0.8600285786052008,3.9026277408566132
ID10666,10666,17,1.4187839031219482,332.22102943970117,504.67944620550554,0.0,12603.468820600001,7,7.75,1,,248.87096774193066,255.0,0.0,255.0,393465.0,39.06793561609295,0.8374836961001527,5.806796891438931
ID11021,11021,17,1.438915491104126,338.71614256978205,502.2353533609569,0.0,19805.4510038,11,7.75,1,,222.25806451612496,255.0,0.0,255.0,351390.0,85.33325849939868,0.9314280626983851,2.512117652682959
ID10928,10928,17,1.435070514678955,337.8119766614516,503.87066088581327,0.0,18004.955458,10,7.75,1,,233.87096774193108,255.0,0.0,255.0,369750.0,70.31781234185361,0.8849371623655644,3.1228887562567587
ID10519,10519,17,1.410420298576355,319.5723010538921,510.30700777307675,0.0,3600.9910916000003,2,7.75,1,,252.2580645161241,255.0,0.0,255.0,398820.0,26.308042637011834,0.8219033661977193,8.651311284731905
ID10711,10711,17,1.414376974105835,315.77468321957235,510.8813859897072,0.0,0.0,0,7.75,1,,252.2580645161241,255.0,0.0,255.0,398820.0,26.308042637011834,0.8246398901753327,8.667097690888545
ID11063,11063,17,1.4453125,337.64069129108935,500.3924777038668,0.0,23406.4420954,13,7.75,1,,228.54838709676994,255.0,0.0,255.0,361335.0,77.7772441924317,0.9277499252544831,2.8283675006986897
ID10808,10808,17,1.4070533514022827,329.8187722206882,506.9986579473129,0.0,10802.9732748,6,7.75,1,,249.99999999999514,255.0,0.0,255.0,395250.0,35.36652568800701,0.8176906595419475,6.359846996751483
ID10620,10620,17,1.395700216293335,325.78022500483667,507.29385338368536,0.0,9002.477729,5,7.75,1,,252.09677419354347,255.0,0.0,255.0,398565.0,27.062096824236303,0.8028615116155753,8.296866689847333
ID11108,11108,18,1.363600492477417,328.86127256477823,540.2561888592923,0.0,25206.937641200002,14,7.75,1,,184.83870967741635,255.0,0.0,255.0,292230.0,113.9154524113394,0.9860549472125505,1.6112025521798508
ID10854,10854,18,1.42997407913208,331.035542831132,547.0933143945305,0.0,16204.459912200002,9,7.75,1,,229.03225806451186,255.0,0.0,255.0,362100.0,77.14411696003592,0.8943705063277024,2.803343937480446
ID10471,10471,18,1.4497311115264893,304.9793162274818,548.117912062379,0.0,5401.4866374,3,7.75,1,,242.09677419354375,255.0,0.0,255.0,382755.0,55.908912094697186,0.8993981904106921,4.100850588044179
ID10984,10984,18,1.4345228672027588,332.88729907770727,540.5021810403799,0.0,21605.9465496,12,7.75,1,,219.83870967741535,255.0,0.0,255.0,347565.0,87.94717153851859,0.9373241104551968,2.4187990550343694
ID10762,10762,18,1.4389523267745972,308.92676123595504,549.1804606190931,0.0,7201.982183200001,4,7.75,1,,237.0967741935439,255.0,0.0,255.0,374850.0,65.17272179986341,0.8989633289295472,3.444412686229823
ID10570,10570,18,1.4371802806854248,300.3302924491794,553.106973101413,0.0,1800.4955458000002,1,7.75,1,,232.58064516128596,255.0,0.0,255.0,367710.0,72.23301327946928,0.8987103943552577,3.04809761434977
ID10667,10667,18,1.4289194345474243,329.69057186041454,551.0455319509174,0.0,12603.468820600001,7,7.75,1,,232.09677419354404,255.0,0.0,255.0,366945.0,72.93236069416241,0.886891697307927,2.9915925614827428
ID10923,10923,18,1.4323601722717285,330.4292953971364,551.6366373704473,0.0,14403.964366400001,8,7.75,1,,231.1290322580602,255.0,0.0,255.0,365415.0,74.30185474549128,0.8928612341992541,2.9346075605775943
ID11023,11023,18,1.4388264417648315,332.5047509059819,540.2998404682795,0.0,19805.4510038,11,7.75,1,,225.1612903225765,255.0,0.0,255.0,355980.0,81.99252771977407,0.9245655509560715,2.638483903424091
ID10932,10932,18,1.4339350461959839,333.9793506140563,543.0690027280292,0.0,18004.955458,10,7.75,1,,226.29032258064098,255.0,0.0,255.0,357765.0,80.62774965161233,0.9118415794450416,2.677188358551576
ID10521,10521,18,1.4444407224655151,304.925563855919,552.9455726870941,0.0,3600.9910916000003,2,7.75,1,,235.4838709677375,255.0,0.0,255.0,372300.0,67.81329001737892,0.9030850377968892,3.2956933758836295
ID10809,10809,18,1.427457332611084,324.74858384465296,551.0664869904219,0.0,10802.9732748,6,7.75,1,,232.90322580644724,255.0,0.0,255.0,368220.0,71.76118178448829,0.8801430439435193,3.038633251020381
ID10713,10713,18,1.4465497732162476,296.59144378732515,552.0133656404297,0.0,0.0,0,7.75,1,,233.38709677418916,255.0,0.0,255.0,368985.0,71.0448115707455,0.9095287112476353,3.129426031995056
ID11065,11065,18,1.4059641361236572,331.68239563816945,539.4760467642661,0.0,23406.4420954,13,7.75,1,,205.3225806451577,255.0,0.0,255.0,324615.0,101.02648945732267,0.9415818534523904,1.9712142201699936
ID10621,10621,18,1.3892178535461426,312.60707804250563,550.0573998637008,0.0,9002.477729,5,7.75,1,,219.03225806451215,255.0,0.0,255.0,346290.0,88.78672124902312,0.8730345480383576,2.299723905653016
ID10528,10528,20,1.4285929203033447,303.4649421484116,608.383092257459,0.0,3600.9910916000003,2,7.75,1,,252.90322580644667,255.0,0.0,255.0,399840.0,23.035116196693014,0.8584674528178368,10.142916069594499
ID10720,10720,20,1.4375851154327393,303.40563911417144,611.2677782742325,0.0,0.0,0,7.75,1,,253.70967741934987,255.0,0.0,255.0,401115.0,18.09901986883127,0.8560616879509689,12.93077714147931
ID10626,10626,20,1.4396209716796875,312.54808400182384,606.5401207420929,0.0,9002.477729,5,7.75,1,,252.5806451612854,255.0,0.0,255.0,399330.0,24.727898554574125,0.8614989338756012,9.45441814242007
ID11111,11111,20,1.0944315195083618,311.7726388069535,601.5054853034893,0.0,25206.937641200002,14,7.75,1,,105.64516129032182,0.0,0.0,255.0,167025.0,125.65270586347282,1.0,0.8407710806093578
ID10858,10858,20,1.4618796110153198,307.0483201382975,606.3258107217534,0.0,16204.459912200002,9,7.75,1,,239.99999999999542,255.0,0.0,255.0,379440.0,60.01898433839523,0.9302722550380065,3.85428740355167
ID10987,10987,20,1.302173137664795,309.2119197165833,603.7153742943171,0.0,21605.9465496,12,7.75,1,,147.58064516128837,255.0,0.0,255.0,233325.0,125.94860557150768,1.0,1.171752910575092
ID10476,10476,20,1.4292256832122803,306.2378007978122,608.061060114065,0.0,5401.4866374,3,7.75,1,,253.8709677419305,255.0,0.0,255.0,401370.0,16.935463454458674,0.8432038205384429,13.71529495849532
ID10767,10767,20,1.419328212738037,310.66141465510515,606.0007883859366,0.0,7201.982183200001,4,7.75,1,,254.51612903225308,255.0,0.0,255.0,402390.0,11.100941877865104,0.8287849858702795,20.78091679890777
ID10671,10671,20,1.4554365873336792,307.8101932210119,606.6375806140084,0.0,12603.468820600001,7,7.75,1,,239.19354838709222,255.0,0.0,255.0,378165.0,61.507675625746224,0.9163984685114721,3.719192705994624
ID10577,10577,20,1.4281504154205322,305.4338798470282,610.5371533469955,0.0,1800.4955458000002,1,7.75,1,,253.8709677419305,255.0,0.0,255.0,401370.0,16.935463454458674,0.8414686327607074,13.69996804378721
ID11026,11026,20,1.4063483476638794,307.8494918846586,604.591262499283,0.0,19805.4510038,11,7.75,1,,186.93548387096467,255.0,0.0,255.0,295545.0,112.834951210972,1.0,1.6567161315242116
ID10931,10931,20,1.4456557035446167,307.9292589579063,607.1618221241079,0.0,14403.964366400001,8,7.75,1,,221.12903225806048,255.0,0.0,255.0,349605.0,86.5713274274073,0.9595174496761459,2.5015283325863105
ID10940,10940,20,1.442054271697998,307.1798589754857,605.7850952343586,0.0,18004.955458,10,7.75,1,,206.61290322580282,255.0,0.0,255.0,326655.0,100.0186283180133,0.9964885277469606,2.0621109380199836
ID11068,11068,20,1.204891324043274,311.2299601513941,602.9532447673387,0.0,23406.4420954,13,7.75,1,,124.67741935483741,0.0,0.0,255.0,197115.0,127.50908501727885,1.0,0.9777924399500026
ID10813,10813,20,1.457558512687683,310.72277160376575,606.3662309853129,0.0,10802.9732748,6,7.75,1,,245.64516129031784,255.0,0.0,255.0,388365.0,47.95232294292612,0.9103718380512239,4.8823562611434355
ID10816,10816,21,1.326053500175476,304.89497928833737,640.0516999851538,0.0,10802.9732748,6,7.75,1,,214.67741935483485,255.0,0.0,255.0,339405.0,93.06893281656782,0.8381962044357096,2.1036110936841252
ID10721,10721,21,1.344875454902649,309.6607565729158,640.1008082627736,0.0,0.0,0,7.75,1,,251.7741935483822,255.0,0.0,255.0,398055.0,28.507698128627737,0.7471118749839034,7.5534260489222005
ID10530,10530,21,1.3458874225616455,309.1803686752709,638.1436393787922,0.0,3600.9910916000003,2,7.75,1,,253.54838709676923,255.0,0.0,255.0,400860.0,19.19080654743689,0.7436647140475399,11.269686021839021
ID10948,10948,21,1.363121747970581,307.50734476021574,638.906555064811,0.0,18004.955458,10,7.75,1,,190.48387096773877,255.0,0.0,255.0,301155.0,110.89210983879609,0.949007265093951,1.6727985235590845
ID10629,10629,21,1.3088347911834717,306.0336519988904,641.7162539253362,0.0,9002.477729,5,7.75,1,,245.64516129031784,255.0,0.0,255.0,388365.0,47.95232294292612,0.7116915128909774,4.259855314003921
ID11115,11115,21,1.2684557437896729,304.89398974401394,636.7483890156798,0.0,25206.937641200002,14,7.75,1,,170.64516129031998,255.0,0.0,255.0,269790.0,120.01606415546664,0.9121606394257725,1.3565366989653833
ID10861,10861,21,1.35027277469635,307.54328394587395,639.2300176586687,0.0,16204.459912200002,9,7.75,1,,191.29032258064197,255.0,0.0,255.0,302430.0,110.42987849543279,0.9394701276598852,1.6781712686427004
ID10990,10990,21,1.3315424919128418,306.83662192576406,637.9874122030992,0.0,21605.9465496,12,7.75,1,,178.38709677419072,255.0,0.0,255.0,282030.0,116.94187969160492,0.9467456066576763,1.4837046508767653
ID10479,10479,21,1.3449615240097046,309.82909169177344,639.3543061399672,0.0,5401.4866374,3,7.75,1,,249.8387096774145,255.0,0.0,255.0,394995.0,35.92083305615152,0.748255377989847,5.9537185165317625
ID10770,10770,21,1.3278948068618774,305.9826764966375,641.2845905970402,0.0,7201.982183200001,4,7.75,1,,250.6451612903177,255.0,0.0,255.0,396270.0,33.04860187283798,0.7196851138750242,6.347896208205259
ID10674,10674,21,1.242645263671875,305.88166680159947,639.3230089063079,0.0,12603.468820600001,7,7.75,1,,198.06451612902887,255.0,0.0,255.0,313140.0,106.22634485551828,0.7798130704343677,1.6338814917909927
ID10579,10579,21,1.3603793382644653,311.10203387262754,638.3944416231923,0.0,1800.4955458000002,1,7.75,1,,246.77419354838233,255.0,0.0,255.0,390150.0,45.06885300094218,0.7630062990147655,4.739445033677093
ID11029,11029,21,1.3434271812438965,306.54195351710206,637.9607601233776,0.0,19805.4510038,11,7.75,1,,186.12903225806147,255.0,0.0,255.0,294270.0,113.25634549920088,0.9430949225231559,1.5953021879666038
ID10937,10937,21,1.310975432395935,307.84181480824293,638.2580281791583,0.0,14403.964366400001,8,7.75,1,,196.77419354838375,255.0,0.0,255.0,311100.0,107.072814415099,0.86977147043443,1.7097615563954365
ID11071,11071,21,1.3242220878601074,307.3266719974494,637.6351190229864,0.0,23406.4420954,13,7.75,1,,180.6451612903197,255.0,0.0,255.0,285600.0,115.93249327578934,0.9452165325584667,1.514309022545362
ID10482,10482,23,1.326760172843933,285.03015764963214,668.2019521667905,0.0,5401.4866374,3,7.75,1,,234.99999999999557,255.0,0.0,255.0,371535.0,68.57823768181967,0.7826234672761492,3.008879422738025
ID10946,10946,23,1.1359728574752808,337.89266949473586,631.5883154477382,0.0,18004.955458,10,7.75,1,,147.58064516128837,255.0,0.0,255.0,233325.0,125.94860557150768,0.8642537652846554,1.0864313472829683
ID10819,10819,23,1.26189386844635,301.3799166445589,663.0813523741368,0.0,10802.9732748,6,7.75,1,,211.77419354838332,255.0,0.0,255.0,334815.0,95.7073876065276,0.7372428815182533,1.8780520187741376
ID10724,10724,23,1.2661434412002563,280.5810170772385,668.7056873706894,0.0,0.0,0,7.75,1,,229.9999999999957,255.0,0.0,255.0,363630.0,75.85274708608875,0.7048542077723112,2.507255361820187
ID10676,10676,23,1.2744848728179932,314.8051564467239,656.8459883319363,0.0,12603.468820600001,7,7.75,1,,213.2258064516091,255.0,0.0,255.0,337110.0,94.40854655548674,0.7543949611083103,1.942360588024967
ID10773,10773,23,1.2934629917144775,285.8580464016612,667.3549103842615,0.0,7201.982183200001,4,7.75,1,,238.06451612902774,255.0,0.0,255.0,376380.0,63.516057071586204,0.7302281825474655,3.1637076297666313
ID10533,10533,23,1.3150207996368408,284.05319109963364,666.6542208331227,0.0,3600.9910916000003,2,7.75,1,,222.74193548386688,255.0,0.0,255.0,352155.0,84.79251933537223,0.758227494089751,2.265681752688375
ID10582,10582,23,1.2375595569610596,279.5060934062733,667.6636360438913,0.0,1800.4955458000002,1,7.75,1,,230.64516129031827,255.0,0.0,255.0,364650.0,74.97253478324834,0.677228099855354,2.48436263706975
ID10632,10632,23,1.2864060401916504,291.099213015204,666.6971163125154,0.0,9002.477729,5,7.75,1,,233.5483870967698,255.0,0.0,255.0,369240.0,70.80367556605,0.7224233880922863,2.766960429155077
ID10939,10939,23,1.073427677154541,321.5391422793166,651.6452609394744,0.0,14403.964366400001,8,7.75,1,,183.38709677419058,255.0,0.0,255.0,289935.0,114.63504858919212,0.5821333008121599,1.1772283805489905
ID10862,10862,23,1.0343326330184937,329.5667810806458,641.2367254527546,0.0,16204.459912200002,9,7.75,1,,152.9032258064495,255.0,0.0,255.0,241740.0,124.98322468080725,0.648046504837614,0.9621252844277824
ID10945,10945,24,1.4010612964630127,302.2608435436331,690.2541765809851,0.0,14403.964366400001,8,7.75,1,,202.0967741935449,255.0,0.0,255.0,319515.0,103.43277090546246,0.9607145781160843,1.914746219779639
ID11075,11075,24,1.294817566871643,309.05335916880114,687.5023061582805,0.0,23406.4420954,13,7.75,1,,164.83870967741692,255.0,0.0,255.0,260610.0,121.94866597681307,0.9987410480834426,1.3508543205152859
ID10821,10821,24,1.4531574249267578,299.0311187668516,690.1238427417252,0.0,10802.9732748,6,7.75,1,,227.74193548386674,255.0,0.0,255.0,360060.0,78.81455043679945,0.9528148065766329,2.819772289372017
ID10534,10534,24,1.4347666501998901,294.9397918761834,687.3936761396269,0.0,3600.9910916000003,2,7.75,1,,243.22580645160824,255.0,0.0,255.0,384540.0,53.53130154402893,0.8891173007742451,4.276928406986629
ID10726,10726,24,1.4315298795700073,295.0458181754692,687.6673710267754,0.0,0.0,0,7.75,1,,244.677419354834,255.0,0.0,255.0,386835.0,50.272268092446645,0.8848266916509651,4.56964223032944
ID10953,10953,24,1.3217073678970337,304.9484431329795,689.238410809477,0.0,18004.955458,10,7.75,1,,179.35483870967457,255.0,0.0,255.0,283560.0,116.51571832759461,0.9641828367957042,1.511249120271882
ID10634,10634,24,1.4338672161102295,299.12144881460426,688.6074031904623,0.0,9002.477729,5,7.75,1,,251.4516129032209,255.0,0.0,255.0,397545.0,29.8799660708783,0.8735168282507366,7.8472592214926
ID11120,11120,24,1.0963420867919922,305.96061459214417,675.9259532055067,0.0,25206.937641200002,14,7.75,1,,106.29032258064439,0.0,0.0,255.0,168045.0,125.76328412591705,0.9980482505547549,0.8443362143180401
ID10865,10865,24,1.3594954013824463,303.4569964565403,689.7993325381633,0.0,16204.459912200002,9,7.75,1,,188.2258064516098,255.0,0.0,255.0,297585.0,112.14535771781402,0.9642445580941116,1.6478569178495628
ID10994,10994,24,1.2656663656234741,307.69533536521175,687.6881938500917,0.0,21605.9465496,12,7.75,1,,158.8709677419332,255.0,0.0,255.0,251175.0,123.61948987456456,0.9973892818543529,1.2834813764382964
ID10485,10485,24,1.4303263425827026,296.77069810260343,689.8372887149995,0.0,5401.4866374,3,7.75,1,,244.99999999999528,255.0,0.0,255.0,387345.0,49.51313596320982,0.8696609662597512,4.60323093233582
ID10775,10775,24,1.426932454109192,296.75939620789876,688.5258862317903,0.0,7201.982183200001,4,7.75,1,,247.25806451612425,255.0,0.0,255.0,390915.0,43.7660546287943,0.8707743677366316,5.25929205845043
ID10584,10584,24,1.4019148349761963,294.40248976288984,684.058362524952,0.0,1800.4955458000002,1,7.75,1,,242.7419354838663,255.0,0.0,255.0,383775.0,54.56582779622404,0.8689016281875329,4.136549509161278
ID10680,10680,24,1.4286694526672363,300.8513671223823,690.0047055926851,0.0,12603.468820600001,7,7.75,1,,212.9032258064478,255.0,0.0,255.0,336600.0,94.70064157599288,0.9612634853425656,2.2037677273353493
ID11034,11034,24,1.2830703258514404,305.6839862741538,687.1400634506033,0.0,19805.4510038,11,7.75,1,,163.87096774193307,255.0,0.0,255.0,259080.0,122.24096787172194,0.9886600053795038,1.3329125605324463
