LABEL,ID,TRACK_ID,QUALITY,POSITION_X,POSITION_Y,POSITION_Z,POSITION_T,FRAME,RADIUS,VISIBILITY,MANUAL_SPOT_COLOR,MEAN_INTENSITY_CH1,MEDIAN_INTENSITY_CH1,MIN_INTENSITY_CH1,MAX_INTENSITY_CH1,TOTAL_INTENSITY_CH1,STD_INTENSITY_CH1,CONTRAST_CH1,SNR_CH1
Label,Spot ID,Track ID,Quality,X,Y,Z,T,Frame,Radius,Visibility,Manual spot color,Mean intensity ch1,Median intensity ch1,Min intensity ch1,Max intensity ch1,Sum intensity ch1,Std intensity ch1,Contrast ch1,Signal/Noise ratio ch1
Label,Spot ID,Track ID,Quality,X,Y,Z,T,Frame,R,Visibility,Spot color,Mean ch1,Median ch1,Min ch1,Max ch1,Sum ch1,Std ch1,Ctrst ch1,SNR ch1
,,,(quality),(micron),(micron),(micron),(sec),,(micron),,,(counts),(counts),(counts),(counts),(counts),(counts),,
ID13314,13314,0,1.426848292350769,269.13277445668894,11.305388679568743,0.0,3600.9910916000003,2,7.5,1,,150.16129032257862,255.0,0.0,255.0,237405.0,125.50967956763408,1.0,1.196412028457617
ID13411,13411,0,1.4254217147827148,278.7661093314591,9.019599905370988,0.0,21605.9465496,12,7.5,1,,181.1290322580616,255.0,0.0,255.0,286365.0,115.70931408255304,0.994962188532367,1.561426878963452
ID13029,13029,0,1.4722437858581543,266.3377944241359,12.830171570870018,0.0,1800.4955458000002,1,7.5,1,,165.9677419354814,255.0,0.0,255.0,262395.0,121.59701902064667,1.0,1.3648997588279757
ID13221,13221,0,1.4293969869613647,265.86211793194775,11.335657225947195,0.0,0.0,0,7.5,1,,147.41935483870773,255.0,0.0,255.0,233070.0,125.97423126024188,1.0,1.1702342087260988
ID13127,13127,0,1.3875787258148193,268.9983564455797,10.181196862795504,0.0,5401.4866374,3,7.5,1,,140.80645161290147,255.0,0.0,255.0,222615.0,126.84386089582028,1.0,1.1100769924415101
ID13548,13548,0,1.3441342115402222,279.16307839521625,7.615419347078081,0.0,19805.4510038,11,7.5,1,,200.80645161289976,255.0,0.0,255.0,317475.0,104.3518172137817,0.9720247160999316,1.89702299576471
ID13456,13456,0,1.5411323308944702,291.66773163671405,12.06194057139342,0.0,14403.964366400001,8,7.5,1,,188.38709677419044,255.0,0.0,255.0,297840.0,112.05781480431156,1.0,1.681159828996969
ID13268,13268,0,1.5650873184204102,292.79078575173173,15.064506335683713,0.0,9002.477729,5,7.5,1,,231.45161290322147,255.0,0.0,255.0,365925.0,73.84958862096352,0.9368441312724008,3.031899457837582
ID13365,13365,0,1.5451825857162476,290.9144333158152,11.226139696449852,0.0,16204.459912200002,9,7.5,1,,193.22580645160966,255.0,0.0,255.0,305490.0,109.288256596068,1.0,1.768038144901303
ID12982,12982,0,1.5042169094085693,285.37100657749863,10.276418749838966,0.0,7201.982183200001,4,7.5,1,,238.22580645160838,255.0,0.0,255.0,376635.0,63.23428602065691,0.9083958850574031,3.5865167956359416
ID13175,13175,0,1.5482620000839233,292.2607022287714,13.739116950037694,0.0,12603.468820600001,7,7.5,1,,192.5806451612871,255.0,0.0,255.0,304470.0,109.67391531764922,1.0,1.7559384526713997
ID13081,13081,0,1.5383960008621216,292.6550090748495,15.059565866474546,0.0,10802.9732748,6,7.5,1,,187.58064516128724,255.0,0.0,255.0,296565.0,112.49253412003662,1.0,1.6674941730899837
ID13502,13502,0,1.547581672668457,290.0379162612653,11.156235464419547,0.0,18004.955458,10,7.5,1,,197.09677419354503,255.0,0.0,255.0,311610.0,106.86328718421258,1.0,1.8443824758430514
ID13504,13504,1,1.3902024030685425,297.8754505714312,67.12786161542282,0.0,18004.955458,10,7.5,1,,159.9999999999977,255.0,0.0,255.0,252960.0,123.32728916652785,0.9872178671382225,1.2890160246957012
ID13317,13317,1,1.5236798524856567,287.29834014368805,43.62985954118539,0.0,3600.9910916000003,2,7.5,1,,254.67741935483372,255.0,0.0,255.0,402645.0,9.066752585682789,0.8239277301587475,25.37757762624381
ID13413,13413,1,1.3822062015533447,297.8230551723196,67.26000017562167,0.0,21605.9465496,12,7.5,1,,158.22580645161065,255.0,0.0,255.0,250155.0,123.78152555120013,0.9913650439940356,1.272723914941075
ID13031,13031,1,1.5237246751785278,285.25688794322076,40.38844532316889,0.0,1800.4955458000002,1,7.5,1,,254.67741935483372,255.0,0.0,255.0,402645.0,9.066752585682789,0.8243012288311132,25.383883620297585
ID13223,13223,1,1.5328428745269775,281.77705104751124,36.61138583082917,0.0,0.0,0,7.5,1,,253.0645161290273,255.0,0.0,255.0,400095.0,22.138479864951723,0.8407202276180605,10.441843138119689
ID13129,13129,1,1.5314915180206299,291.1479145318558,49.16556677330621,0.0,5401.4866374,3,7.5,1,,254.51612903225308,255.0,0.0,255.0,402390.0,11.100941877865104,0.8332144901431754,20.841501737538596
ID13550,13550,1,1.3851827383041382,298.22687267857816,66.85093151604178,0.0,19805.4510038,11,7.5,1,,159.67741935483642,255.0,0.0,255.0,252450.0,123.41190032444214,0.9900241891104382,1.2873715622777508
ID13458,13458,1,1.461822271347046,293.21455867523986,68.05481311447343,0.0,14403.964366400001,8,7.5,1,,172.09677419354574,255.0,0.0,255.0,272085.0,119.48392242237172,0.9980086334535724,1.4388986069784229
ID13270,13270,1,1.521190881729126,299.9352277238109,58.70007657383618,0.0,9002.477729,5,7.5,1,,251.93548387096283,255.0,0.0,255.0,398310.0,27.794765686936778,0.8301283739488057,8.222805592147772
ID13367,13367,1,1.4040710926055908,296.53479846272893,67.75031859088432,0.0,16204.459912200002,9,7.5,1,,161.93548387096538,255.0,0.0,255.0,256020.0,122.80059327402311,0.9950691783099985,1.315427355430289
ID12984,12984,1,1.5237319469451904,296.8827026679306,52.75608187953974,0.0,7201.982183200001,4,7.5,1,,254.03225806451115,255.0,0.0,255.0,401625.0,15.684172358021671,0.828773959945825,14.680245756386524
ID13177,13177,1,1.5029747486114502,296.5274807399033,64.37378391402281,0.0,12603.468820600001,7,7.5,1,,185.96774193548083,255.0,0.0,255.0,294015.0,113.33974733449526,0.9914284286962914,1.6337366004400065
ID13083,13083,1,1.5231913328170776,298.66380927647293,61.47904210908657,0.0,10802.9732748,6,7.5,1,,189.032258064513,255.0,0.0,255.0,298860.0,111.70462677213771,0.9993952608879336,1.6917390858133758
ID13505,13505,2,1.4617382287979126,272.2014214664754,78.83730860033704,0.0,18004.955458,10,7.5,1,,159.35483870967514,255.0,0.0,255.0,251940.0,123.49561037523253,1.0,1.2903684448822668
ID13414,13414,2,1.544165015220642,273.555780982464,72.69335599967016,0.0,21605.9465496,12,7.5,1,,206.77419354838347,255.0,0.0,255.0,326910.0,99.8907580116237,0.9700396663034532,2.0385226698410635
ID13319,13319,2,1.106621265411377,258.4522201964129,82.99534980301293,0.0,3600.9910916000003,2,7.5,1,,254.51612903225308,255.0,0.0,255.0,402390.0,11.100941877865104,0.4482343092928023,14.192265926635159
ID13033,13033,2,1.0919370651245117,254.59303484597808,85.74250080186698,0.0,1800.4955458000002,1,7.5,1,,253.8709677419305,255.0,0.0,255.0,401370.0,16.935463454458674,0.43971169834970625,9.156688382394218
ID13225,13225,2,1.0977402925491333,247.55543612527802,89.06720969727955,0.0,0.0,0,7.5,1,,253.8709677419305,255.0,0.0,255.0,401370.0,16.935463454458674,0.44604138641619984,9.24784159926634
ID13131,13131,2,1.1129742860794067,262.30660039667356,83.03897026767125,0.0,5401.4866374,3,7.5,1,,254.51612903225308,255.0,0.0,255.0,402390.0,11.100941877865104,0.4548607192070858,14.336478632061414
ID13551,13551,2,1.4885839223861694,271.90010976439333,74.9688256536173,0.0,19805.4510038,11,7.5,1,,180.3225806451584,255.0,0.0,255.0,285090.0,116.07991977341341,0.9936786423275071,1.5485092694507896
ID13459,13459,2,1.545324444770813,268.35801014316075,71.51972249389003,0.0,14403.964366400001,8,7.5,1,,194.51612903225478,255.0,0.0,255.0,307530.0,108.50131201070596,1.0,1.7927537043336548
ID13271,13271,2,1.5446091890335083,261.8687751218975,80.4235856447776,0.0,9002.477729,5,7.5,1,,253.70967741934987,255.0,0.0,255.0,401115.0,18.09901986883127,0.8541711238638499,12.91537570757996
ID13368,13368,2,1.4542860984802246,264.8988297969056,85.31713039977913,0.0,16204.459912200002,9,7.5,1,,160.32258064515898,255.0,0.0,255.0,253470.0,123.24177504553657,1.0,1.3008785420846254
ID12985,12985,2,1.2508622407913208,263.85709729396433,80.0761988401009,0.0,7201.982183200001,4,7.5,1,,254.999999999995,255.0,255.0,255.0,403155.0,5.003803590643346E-12,0.554277748736707,3.6347013844774336E13
ID13178,13178,2,1.5680590867996216,260.81560268798586,79.036626615263,0.0,12603.468820600001,7,7.5,1,,238.22580645160838,255.0,0.0,255.0,376635.0,63.23428602065691,0.9291603708894279,3.6290130409491863
ID13084,13084,2,1.570331335067749,261.1608578491373,79.01621763987241,0.0,10802.9732748,6,7.5,1,,231.9354838709634,255.0,0.0,255.0,366690.0,73.1632794186258,0.9537638745541673,3.095086721545272
ID13507,13507,3,1.3504551649093628,248.39335944409294,120.1074259768209,0.0,18004.955458,10,7.5,1,,143.22580645161108,255.0,0.0,255.0,226440.0,126.56650922600313,1.0,1.1316248455257647
ID13416,13416,3,1.3456226587295532,248.55685667033563,121.14702979336352,0.0,21605.9465496,12,7.5,1,,147.90322580644965,255.0,0.0,255.0,233835.0,125.89671825270906,0.9884697711335867,1.167985985090599
ID13321,13321,3,1.262502908706665,250.5534082902644,119.90257738007335,0.0,3600.9910916000003,2,7.5,1,,242.90322580644695,255.0,0.0,255.0,384030.0,54.223658911861975,0.5845163372373167,3.3050222779255356
ID13035,13035,3,1.2043863534927368,244.93358921490466,121.39226893869066,0.0,1800.4955458000002,1,7.5,1,,242.90322580644695,255.0,0.0,255.0,384030.0,54.223658911861975,0.5352724125895396,3.123660840596608
ID13227,13227,3,1.3165819644927979,243.15471151588685,123.07391994010368,0.0,0.0,0,7.5,1,,236.12903225806005,255.0,0.0,255.0,373320.0,66.77427343897546,0.6353156285842066,2.747629454581096
ID13133,13133,3,1.324270248413086,250.4342756167275,118.9963214581319,0.0,5401.4866374,3,7.5,1,,225.1612903225765,255.0,0.0,255.0,355980.0,81.99252771977407,0.6897738065464926,2.241958523399145
ID13553,13553,3,1.3706188201904297,249.47837631685402,120.14140637878647,0.0,19805.4510038,11,7.5,1,,148.8709677419335,255.0,0.0,255.0,235365.0,125.7359592217159,0.9969322593977447,1.1821778678942303
ID13461,13461,3,1.3856838941574097,253.69301620130088,121.16198184748117,0.0,14403.964366400001,8,7.5,1,,158.06451612903,255.0,0.0,255.0,249900.0,123.82147576390231,0.9913562708951624,1.2710106748719758
ID13273,13273,3,1.3850055932998657,253.62434519499217,121.67502122824989,0.0,9002.477729,5,7.5,1,,205.48387096773834,255.0,0.0,255.0,324870.0,100.90196030860606,0.7626260150848916,1.7622177476433258
ID13370,13370,3,1.3514078855514526,249.27713404771856,121.39209837555572,0.0,16204.459912200002,9,7.5,1,,146.61290322580453,255.0,0.0,255.0,231795.0,126.099185134676,0.9953312632609397,1.159958755817745
ID12987,12987,3,1.4391083717346191,251.53679102779222,121.30200753951756,0.0,7201.982183200001,4,7.5,1,,216.29032258064126,255.0,0.0,255.0,341955.0,91.53047407704668,0.7899199500091544,2.0856952209788635
ID13180,13180,3,1.491086483001709,255.4398615628028,121.65120965597715,0.0,12603.468820600001,7,7.5,1,,198.87096774193208,255.0,0.0,255.0,314415.0,105.68585428445327,0.92421082907888,1.8076024402139765
ID13086,13086,3,1.3623462915420532,255.26151368941595,121.23576713120498,0.0,10802.9732748,6,7.5,1,,180.96774193548097,255.0,0.0,255.0,286110.0,115.78397977016293,0.8401237751418233,1.4271805831264082
ID13508,13508,4,1.5373468399047852,293.900496181501,128.1691003334493,0.0,18004.955458,10,7.5,1,,209.83870967741564,255.0,0.0,255.0,331755.0,97.37856400902605,0.949019152079292,2.098510308909528
ID13417,13417,4,1.488188624382019,292.10493305155694,128.24752180590482,0.0,21605.9465496,12,7.5,1,,184.999999999997,255.0,0.0,255.0,292485.0,113.83407311754803,0.9846658047445801,1.6126158256072218
ID13323,13323,4,1.2586861848831177,247.87165209424282,140.84156018999528,0.0,3600.9910916000003,2,7.5,1,,251.7741935483822,255.0,0.0,255.0,398055.0,28.507698128627737,0.5938887872652938,6.581519436840169
ID13036,13036,4,1.1899522542953491,242.86446098891327,140.4885559587974,0.0,1800.4955458000002,1,7.5,1,,248.38709677418873,255.0,0.0,255.0,392700.0,40.5413298787539,0.5385437304130115,4.289159195578087
ID13228,13228,4,1.2965043783187866,242.36866561212963,143.4307257305211,0.0,0.0,0,7.5,1,,249.67741935483386,255.0,0.0,255.0,394740.0,36.46600188654095,0.6389503527714238,5.338539108511897
ID13135,13135,4,1.2540394067764282,271.0293747790726,133.14258018256112,0.0,5401.4866374,3,7.5,1,,246.45161290322105,255.0,0.0,255.0,389640.0,45.914019455100984,0.5816887580913502,3.948080408929925
ID13554,13554,4,1.5095347166061401,292.92897326503584,127.973759125435,0.0,19805.4510038,11,7.5,1,,193.70967741935158,255.0,0.0,255.0,306255.0,108.9956094282832,0.9801286973121577,1.7593895041908871
ID13462,13462,4,1.4857916831970215,295.74058615613734,126.82203007488846,0.0,14403.964366400001,8,7.5,1,,251.61290322580155,255.0,0.0,255.0,397800.0,29.202339692704104,0.789377768416306,7.602004278890497
ID13274,13274,4,1.3879990577697754,294.69369177100486,123.05073264803896,0.0,9002.477729,5,7.5,1,,254.999999999995,255.0,255.0,255.0,403155.0,5.003803590643346E-12,0.6770069561947683,4.1146053711107445E13
ID13371,13371,4,1.5468155145645142,295.83386014812487,127.5971202363014,0.0,16204.459912200002,9,7.5,1,,226.29032258064098,255.0,0.0,255.0,357765.0,80.62774965161233,0.9102286731814611,2.674709319861892
ID12988,12988,4,1.3833853006362915,291.7533663083526,125.60414342883696,0.0,7201.982183200001,4,7.5,1,,254.67741935483372,255.0,0.0,255.0,402645.0,9.066752585682789,0.6744579970768487,22.628164218797334
ID13181,13181,4,1.4977219104766846,298.6619191480101,124.98347691432204,0.0,12603.468820600001,7,7.5,1,,253.22580645160795,255.0,0.0,255.0,400350.0,21.20273428594686,0.7989426824983795,10.608265609118204
ID13087,13087,4,1.4151822328567505,296.3992570427445,124.58077046391463,0.0,10802.9732748,6,7.5,1,,254.999999999995,255.0,255.0,255.0,403155.0,5.003803590643346E-12,0.6993713088207228,4.194589368882963E13
ID12992,12992,5,1.518017053604126,233.6815591837585,187.83555162071292,0.0,7201.982183200001,4,7.5,1,,254.35483870967244,255.0,0.0,255.0,402135.0,12.814201365491435,0.8147965332824819,17.823774817649294
ID13185,13185,5,1.5549713373184204,238.41975698876658,187.60538240316845,0.0,12603.468820600001,7,7.5,1,,249.67741935483386,255.0,0.0,255.0,394740.0,36.46600188654095,0.8839493549853998,6.425090835040519
ID13092,13092,5,1.538408875465393,235.29735017164748,187.75948741574558,0.0,10802.9732748,6,7.5,1,,250.6451612903177,255.0,0.0,255.0,396270.0,33.04860187283798,0.8564420978788877,6.997659846084823
ID13512,13512,5,1.5572134256362915,239.39404756711875,182.38176529575907,0.0,18004.955458,10,7.5,1,,230.322580645157,255.0,0.0,255.0,364140.0,75.41461549526366,0.9176462458634999,2.9229257961756736
ID13420,13420,5,1.5510034561157227,242.6986133563775,182.05662755868912,0.0,21605.9465496,12,7.5,1,,224.67741935483457,255.0,0.0,255.0,355215.0,82.56579840189191,0.9340494727014789,2.6284004827389085
ID13230,13230,5,1.507651448249817,229.81048515710816,192.68645319314632,0.0,0.0,0,7.5,1,,254.83870967741436,255.0,0.0,255.0,402900.0,6.413192049055229,0.7986351986333319,35.28795627638462
ID13327,13327,5,1.5104609727859497,232.85011344044398,189.88395962432884,0.0,3600.9910916000003,2,7.5,1,,254.67741935483372,255.0,0.0,255.0,402645.0,9.066752585682789,0.8021587755226824,25.005523977071007
ID13040,13040,5,1.5075398683547974,230.96093478321208,190.89648202377083,0.0,1800.4955458000002,1,7.5,1,,254.67741935483372,255.0,0.0,255.0,402645.0,9.066752585682789,0.7974319046881269,24.923546054371915
ID13139,13139,5,1.5068373680114746,232.21785633848387,187.60788377447219,0.0,5401.4866374,3,7.5,1,,254.83870967741436,255.0,0.0,255.0,402900.0,6.413192049055229,0.8048258627847731,35.439514671445245
ID13557,13557,5,1.5612503290176392,240.37366872571278,180.94685107928007,0.0,19805.4510038,11,7.5,1,,228.3870967741893,255.0,0.0,255.0,361080.0,77.9864768250183,0.9360238085165465,2.831773155593425
ID13466,13466,5,1.5625537633895874,238.24386017278866,186.6457725429388,0.0,14403.964366400001,8,7.5,1,,242.2580645161244,255.0,0.0,255.0,383010.0,55.576886585888936,0.911575112187598,4.157335912153866
ID13374,13374,5,1.5689691305160522,239.07886873645106,184.24899922222448,0.0,16204.459912200002,9,7.5,1,,240.96774193547927,255.0,0.0,255.0,380970.0,58.16753060760203,0.9255295123800312,3.9824319992492048
ID13279,13279,5,1.5160906314849854,235.6107651390472,187.12448504167088,0.0,9002.477729,5,7.5,1,,253.70967741934987,255.0,0.0,255.0,401115.0,18.09901986883127,0.815482756215829,12.593157233469903
ID13280,13280,6,1.4707577228546143,264.5625764226209,196.02999995118242,0.0,9002.477729,5,7.5,1,,251.61290322580155,255.0,0.0,255.0,397800.0,29.202339692704104,0.772798639977859,7.511941466433508
ID12993,12993,6,1.4728726148605347,261.77935367377427,197.66918787749165,0.0,7201.982183200001,4,7.5,1,,252.09677419354347,255.0,0.0,255.0,398565.0,27.062096824236303,0.7760422399139021,8.140815471773745
ID13186,13186,6,1.5113368034362793,265.1807805481449,195.55691987526936,0.0,12603.468820600001,7,7.5,1,,244.83870967741464,255.0,0.0,255.0,387090.0,49.894406671169264,0.8279717521194587,4.445332546362336
ID13093,13093,6,1.4984403848648071,264.54436104336804,197.5280243857092,0.0,10802.9732748,6,7.5,1,,247.9032258064468,255.0,0.0,255.0,391935.0,41.957439206621004,0.8111897645750777,5.2925102360405925
ID13513,13513,6,1.4371827840805054,262.0630231481027,191.5749993318677,0.0,18004.955458,10,7.5,1,,169.35483870967485,255.0,0.0,255.0,267750.0,120.47241381666046,0.9879196630851851,1.3972135644578068
ID13421,13421,6,1.430842399597168,262.99948321445413,192.6929551450347,0.0,21605.9465496,12,7.5,1,,163.70967741935243,255.0,0.0,255.0,258825.0,122.28887190214112,0.9979067194834191,1.3373101755860743
ID13231,13231,6,1.3880949020385742,255.92265930248934,200.53536181570158,0.0,0.0,0,7.5,1,,244.03225806451144,255.0,0.0,255.0,385815.0,51.75110440232121,0.7085768889730584,3.911200389180148
ID13328,13328,6,1.4198994636535645,256.30707500288275,200.11288181921202,0.0,3600.9910916000003,2,7.5,1,,246.6129032258017,255.0,0.0,255.0,389895.0,45.49368503106083,0.749711378727681,4.645391931911331
ID13041,13041,6,1.4252479076385498,256.3855098781155,199.97741311377257,0.0,1800.4955458000002,1,7.5,1,,248.54838709676937,255.0,0.0,255.0,392955.0,40.056870555822215,0.7461419208104783,5.302807109026975
ID13140,13140,6,1.4284427165985107,258.3649874962978,198.19803160468956,0.0,5401.4866374,3,7.5,1,,248.87096774193066,255.0,0.0,255.0,393465.0,39.06793561609295,0.7605566422589016,5.503834044946842
ID13558,13558,6,1.4573463201522827,262.68545939058936,192.5221024662794,0.0,19805.4510038,11,7.5,1,,172.41935483870702,255.0,0.0,255.0,272595.0,119.36294764592303,0.9947083793198376,1.440664453475748
ID13467,13467,6,1.5142309665679932,263.158768622559,193.1836511262032,0.0,14403.964366400001,8,7.5,1,,202.5806451612868,255.0,0.0,255.0,320280.0,103.08184952309766,0.940840965486751,1.9053379249360605
ID13375,13375,6,1.4526817798614502,262.3844581271774,192.3837381840996,0.0,16204.459912200002,9,7.5,1,,173.06451612902958,255.0,0.0,255.0,273615.0,119.11800717147513,0.9907922975451533,1.4461631099196892
ID13376,13376,7,1.1966493129730225,260.07635567996306,220.2275441681174,0.0,16204.459912200002,9,7.5,1,,147.2580645161271,255.0,0.0,255.0,232815.0,125.99964514134506,0.7577265129008106,1.0076296577812573
ID13281,13281,7,1.439898133277893,258.18675505929787,221.90980064058547,0.0,9002.477729,5,7.5,1,,212.58064516128653,255.0,0.0,255.0,336090.0,94.99074227957418,0.8265815234760293,2.0254385334627374
ID12994,12994,7,1.3911274671554565,257.81611762625244,220.31245112983146,0.0,7201.982183200001,4,7.5,1,,210.32258064515756,255.0,0.0,255.0,332520.0,96.96709439214146,0.7742719823885812,1.8930621182602123
ID13187,13187,7,1.363455891609192,261.4064974192885,220.73274639972095,0.0,12603.468820600001,7,7.5,1,,168.387096774191,255.0,0.0,255.0,266220.0,120.80449499342407,0.8969445123441686,1.3181555431366923
ID13094,13094,7,1.3873587846755981,260.71345418435584,222.26236636067995,0.0,10802.9732748,6,7.5,1,,180.48387096773905,255.0,0.0,255.0,285345.0,116.0063421408735,0.9040926007211956,1.4774456346939915
ID13514,13514,7,1.1809347867965698,260.362746333567,219.9785366077022,0.0,18004.955458,10,7.5,1,,145.48387096774005,255.0,0.0,255.0,230010.0,126.26525434528664,0.7207139714872465,0.9651953967868263
ID13422,13422,7,1.1829218864440918,259.86136568123766,218.1549796814716,0.0,21605.9465496,12,7.5,1,,143.709677419353,255.0,0.0,255.0,227205.0,126.50541025588561,0.7586155393362448,0.9800714518509277
ID13232,13232,7,1.3121497631072998,254.84407533623335,220.13310337558917,0.0,0.0,0,7.5,1,,214.8387096774155,255.0,0.0,255.0,339660.0,92.91749392783025,0.6754036556599735,1.8641849233073704
ID13329,13329,7,1.3076826333999634,255.04801753930494,220.20642643090238,0.0,3600.9910916000003,2,7.5,1,,212.9032258064478,255.0,0.0,255.0,336600.0,94.70064157599288,0.6647085021101472,1.7953633371187934
ID13042,13042,7,1.3419373035430908,254.56688358365724,220.25007564939793,0.0,1800.4955458000002,1,7.5,1,,215.16129032257678,255.0,0.0,255.0,340170.0,92.61303005547379,0.701574409060355,1.9157764755923956
ID13141,13141,7,1.3088144063949585,255.03819157129445,217.9730698474087,0.0,5401.4866374,3,7.5,1,,209.83870967741564,255.0,0.0,255.0,331755.0,97.37856400902605,0.682723092485008,1.7485746374336373
ID13559,13559,7,1.1839889287948608,259.8618700778383,218.50981770947462,0.0,19805.4510038,11,7.5,1,,147.09677419354645,255.0,0.0,255.0,232560.0,126.02484734295875,0.7343896108547707,0.9884548245073513
ID13468,13468,7,1.2481389045715332,260.02170621904946,220.2412060328316,0.0,14403.964366400001,8,7.5,1,,150.16129032257862,255.0,0.0,255.0,237405.0,125.50967956763408,0.8116819554119385,1.0720491550251527
ID13377,13377,8,1.453299641609192,245.30261817547597,231.21598750521886,0.0,16204.459912200002,9,7.5,1,,241.61290322580183,255.0,0.0,255.0,381990.0,56.89061843847886,0.7906716264898261,3.750504291629437
ID13282,13282,8,1.446205735206604,242.63725767997792,235.7986896879426,0.0,9002.477729,5,7.5,1,,250.80645161289834,255.0,0.0,255.0,396525.0,32.44124947055858,0.7685789018556356,6.719471953769996
ID12995,12995,8,1.4366475343704224,244.81670918055002,235.65424539450336,0.0,7201.982183200001,4,7.5,1,,249.8387096774145,255.0,0.0,255.0,394995.0,35.92083305615152,0.758892015195859,6.001836079159651
ID13188,13188,8,1.484012246131897,244.90519217729906,232.8286890430128,0.0,12603.468820600001,7,7.5,1,,246.93548387096297,255.0,0.0,255.0,390405.0,44.63939495412376,0.8166121632824165,4.973347711769956
ID13095,13095,8,1.4675498008728027,243.03893817195112,233.49414190362793,0.0,10802.9732748,6,7.5,1,,247.25806451612425,255.0,0.0,255.0,390915.0,43.7660546287943,0.7897608584343462,4.985901135425429
ID13515,13515,8,1.4453636407852173,244.47296003860765,228.39087311392808,0.0,18004.955458,10,7.5,1,,238.7096774193503,255.0,0.0,255.0,377400.0,62.378833140814834,0.7777342076211887,3.348321464558921
ID13423,13423,8,1.4599435329437256,244.116959041475,227.1471639883695,0.0,21605.9465496,12,7.5,1,,235.9677419354794,255.0,0.0,255.0,373065.0,67.03611984462043,0.7978707634182153,3.1242648655510425
ID13233,13233,8,1.4854093790054321,247.5735507198538,241.00973505746987,0.0,0.0,0,7.5,1,,249.19354838709194,255.0,0.0,255.0,393975.0,38.0505723953786,0.7934345102430067,5.794702701815294
ID13331,13331,8,1.4747382402420044,249.20449549140895,240.68334598285858,0.0,3600.9910916000003,2,7.5,1,,248.70967741935002,255.0,0.0,255.0,393210.0,39.565821955924854,0.7882828330105723,5.541768104780694
ID13044,13044,8,1.4852707386016846,248.50444668846873,240.67442856322376,0.0,1800.4955458000002,1,7.5,1,,248.54838709676937,255.0,0.0,255.0,392955.0,40.056870555822215,0.8003793630880887,5.5169085369431885
ID13142,13142,8,1.4829180240631104,247.07242821213623,238.52709093629025,0.0,5401.4866374,3,7.5,1,,250.16129032257578,255.0,0.0,255.0,395505.0,34.80264313190707,0.793048478686443,6.358366837202911
ID13560,13560,8,1.447108268737793,244.27259960675534,227.40798183505092,0.0,19805.4510038,11,7.5,1,,235.80645161289877,255.0,0.0,255.0,372810.0,67.29656062738113,0.7841369221358813,3.08004124760973
ID13469,13469,8,1.4629743099212646,246.25036077079562,233.01577497504178,0.0,14403.964366400001,8,7.5,1,,240.3225806451567,255.0,0.0,255.0,379950.0,59.409997261420116,0.802714352757346,3.602459890259007
ID13378,13378,9,1.5062203407287598,216.22898307362755,236.94070124995093,0.0,16204.459912200002,9,7.5,1,,179.99999999999713,255.0,0.0,255.0,284580.0,116.22626339944458,1.0,1.5487033200179205
ID13283,13283,9,1.5320907831192017,217.46981635801544,238.66178081835957,0.0,9002.477729,5,7.5,1,,243.70967741935016,255.0,0.0,255.0,385305.0,52.47191980777382,0.8603391589762818,4.295892243309804
ID12996,12996,9,1.473699927330017,216.39302884282867,239.85280081202168,0.0,7201.982183200001,4,7.5,1,,254.35483870967244,255.0,0.0,255.0,402135.0,12.814201365491435,0.7746182672832298,17.328510823035888
ID13189,13189,9,1.551733136177063,216.22434310482404,235.376686014872,0.0,12603.468820600001,7,7.5,1,,205.80645161289962,255.0,0.0,255.0,325380.0,100.65166393071206,0.9922514840469978,2.036787025433888
ID13096,13096,9,1.5498868227005005,218.17850242932272,237.71136556950268,0.0,10802.9732748,6,7.5,1,,211.12903225806076,255.0,0.0,255.0,333795.0,96.27199626157855,0.9701228816962487,2.159789415513241
ID13516,13516,9,1.5305416584014893,216.25141352788506,237.38914546771275,0.0,18004.955458,10,7.5,1,,192.2580645161258,255.0,0.0,255.0,303960.0,109.86481540671925,0.9964377222902974,1.7468287229018926
ID13424,13424,9,1.5122846364974976,216.7668108283492,237.51473382401832,0.0,21605.9465496,12,7.5,1,,188.2258064516098,255.0,0.0,255.0,297585.0,112.14535771781402,0.9891242162178275,1.669232345226282
ID13330,13330,9,1.4817830324172974,220.37736520247975,239.71723778648595,0.0,3600.9910916000003,2,7.5,1,,254.83870967741436,255.0,0.0,255.0,402900.0,6.413192049055229,0.7721751055268772,34.6282314978854
ID13234,13234,9,1.4832240343093872,220.06712970546576,241.66487449832593,0.0,0.0,0,7.5,1,,254.51612903225308,255.0,0.0,255.0,402390.0,11.100941877865104,0.7733310202534295,19.996827320041955
ID13043,13043,9,1.4808202981948853,221.32068011746915,240.10078011163034,0.0,1800.4955458000002,1,7.5,1,,254.51612903225308,255.0,0.0,255.0,402390.0,11.100941877865104,0.7708619549562294,19.96077414368539
ID13143,13143,9,1.479419469833374,218.88466305477112,239.30835138769834,0.0,5401.4866374,3,7.5,1,,254.67741935483372,255.0,0.0,255.0,402645.0,9.066752585682789,0.7692318997560663,24.425372524123585
ID13561,13561,9,1.5222660303115845,216.81070149489653,237.158484700173,0.0,19805.4510038,11,7.5,1,,189.8387096774162,255.0,0.0,255.0,300135.0,111.25630083413627,0.9910053507069321,1.6986101905434405
ID13470,13470,9,1.5102664232254028,216.10500586620088,235.72834674544964,0.0,14403.964366400001,8,7.5,1,,180.16129032257777,255.0,0.0,255.0,284835.0,116.1532266888552,0.9980976877259948,1.5495890281296034
ID13425,13425,10,1.484503149986267,241.43230078199335,285.46294672943225,0.0,21605.9465496,12,7.5,1,,193.87096774193222,255.0,0.0,255.0,306510.0,108.89740752403539,0.923422530499043,1.709428737643498
ID13379,13379,10,1.4960460662841797,241.53728326647158,287.6041403836628,0.0,16204.459912200002,9,7.5,1,,198.06451612902887,255.0,0.0,255.0,313140.0,106.22634485551828,0.9271247966437656,1.7940427685272795
ID13332,13332,10,1.3045846223831177,234.818897573262,284.32162648178013,0.0,3600.9910916000003,2,7.5,1,,254.999999999995,255.0,255.0,255.0,403155.0,5.003803590643346E-12,0.6020114942528673,3.830090864749567E13
ID13284,13284,10,1.3039193153381348,238.65280270901852,289.0925428155802,0.0,9002.477729,5,7.5,1,,254.999999999995,255.0,255.0,255.0,403155.0,5.003803590643346E-12,0.6221131114748075,3.908932233982182E13
ID12997,12997,10,1.293215036392212,236.2813710734693,286.48266248269397,0.0,7201.982183200001,4,7.5,1,,254.999999999995,255.0,255.0,255.0,403155.0,5.003803590643346E-12,0.5991394765148735,3.818664579353536E13
ID13046,13046,10,1.3070484399795532,232.7114743930238,283.13135237505577,0.0,1800.4955458000002,1,7.5,1,,254.999999999995,255.0,255.0,255.0,403155.0,5.003803590643346E-12,0.6051826525103412,3.8426597786852016E13
ID13190,13190,10,1.5373773574829102,242.04281512967276,287.83042434913403,0.0,12603.468820600001,7,7.5,1,,219.1935483870928,255.0,0.0,255.0,346545.0,88.62003507434821,0.9189136052929245,2.368891147158822
ID13144,13144,10,1.3006728887557983,234.38686406008676,284.86892529535436,0.0,5401.4866374,3,7.5,1,,254.999999999995,255.0,255.0,255.0,403155.0,5.003803590643346E-12,0.5988528410109276,3.817521950813933E13
ID13097,13097,10,1.3660017251968384,244.0028821165141,288.62671252560676,0.0,10802.9732748,6,7.5,1,,254.999999999995,255.0,255.0,255.0,403155.0,5.003803590643346E-12,0.6598436918496409,4.051760801432573E13
ID13562,13562,10,1.481864094734192,241.48090905515653,285.9418604236377,0.0,19805.4510038,11,7.5,1,,194.83870967741606,255.0,0.0,255.0,308040.0,108.30127887952825,0.9146011579263069,1.7187989711999756
ID13517,13517,10,1.4948768615722656,241.48752792191073,287.0966238527573,0.0,18004.955458,10,7.5,1,,198.70967741935144,255.0,0.0,255.0,314160.0,105.79466540933443,0.9241516448833068,1.8042187386251187
ID13471,13471,10,1.5229928493499756,241.96286163813244,287.9746081263187,0.0,14403.964366400001,8,7.5,1,,204.99999999999642,255.0,0.0,255.0,324105.0,101.27431728613043,0.9420445312956336,1.963797854431443
ID13473,13473,11,1.5129551887512207,264.3640447855898,306.45523932600406,0.0,14403.964366400001,8,7.5,1,,223.38709677418944,255.0,0.0,255.0,353175.0,84.06178821834013,0.8693806191916618,2.4717336709503726
ID13381,13381,11,1.5066447257995605,264.85728810360865,305.23522675919764,0.0,16204.459912200002,9,7.5,1,,216.61290322580254,255.0,0.0,255.0,342465.0,91.21624430882154,0.879918686607298,2.2230314555522304
ID13286,13286,11,1.3163844347000122,264.80933913563103,308.47665305223774,0.0,9002.477729,5,7.5,1,,254.67741935483372,255.0,0.0,255.0,402645.0,9.066752585682789,0.6315259916045973,21.745325051268654
ID12999,12999,11,1.125346302986145,266.4379957994821,305.4218590068842,0.0,7201.982183200001,4,7.5,1,,249.19354838709194,255.0,0.0,255.0,393975.0,38.0505723953786,0.472834415938332,4.204949182168336
ID13192,13192,11,1.471868872642517,264.3114248888039,308.2048782298535,0.0,12603.468820600001,7,7.5,1,,249.19354838709194,255.0,0.0,255.0,393975.0,38.0505723953786,0.7915914775189125,5.7871896889625205
ID13099,13099,11,1.3707094192504883,264.96124372293247,309.30663263471297,0.0,10802.9732748,6,7.5,1,,254.51612903225308,255.0,0.0,255.0,402390.0,11.100941877865104,0.6695756636338318,18.389885745292247
ID13519,13519,11,1.5102680921554565,265.6767612580613,305.93453667262514,0.0,18004.955458,10,7.5,1,,222.09677419354432,255.0,0.0,255.0,351135.0,85.51213620857665,0.8709216332111095,2.418065006983751
ID13427,13427,11,1.495357871055603,264.67100570326056,306.1222227768567,0.0,21605.9465496,12,7.5,1,,223.70967741935073,255.0,0.0,255.0,353685.0,83.69216401600254,0.840968347410374,2.44209918233979
ID13334,13334,11,1.1281040906906128,263.98661942615337,304.82341028992374,0.0,3600.9910916000003,2,7.5,1,,250.80645161289834,255.0,0.0,255.0,396525.0,32.44124947055858,0.4765767257076568,4.99054455615778
ID13238,13238,11,1.1382495164871216,258.30562550669595,308.43980102853214,0.0,0.0,0,7.5,1,,251.12903225805962,255.0,0.0,255.0,397035.0,31.188581948145522,0.48984922190883573,5.294822353337043
ID13048,13048,11,1.1353193521499634,259.11253913519505,304.45887654408443,0.0,1800.4955458000002,1,7.5,1,,248.06451612902745,255.0,0.0,255.0,392190.0,41.49140081226313,0.48415319179871047,3.900682599742181
ID13146,13146,11,1.1278612613677979,264.25943857000516,305.9621258209271,0.0,5401.4866374,3,7.5,1,,249.35483870967258,255.0,0.0,255.0,394230.0,37.53051025064111,0.4780780072669514,4.297983434761775
ID13564,13564,11,1.5094596147537231,264.7013119438536,305.96224130967425,0.0,19805.4510038,11,7.5,1,,235.1612903225762,255.0,0.0,255.0,371790.0,68.324587707669,0.8510356759637155,3.1648402088481005
ID13474,13474,12,1.3857895135879517,243.17827469828293,317.21503982814795,0.0,14403.964366400001,8,7.5,1,,162.25806451612667,255.0,0.0,255.0,256530.0,122.70962098415042,0.9660538504969839,1.2994620448709244
ID13382,13382,12,1.3623384237289429,244.31104163080244,317.8564798022111,0.0,16204.459912200002,9,7.5,1,,151.93548387096567,255.0,0.0,255.0,240210.0,125.17614783549581,0.9872867796841063,1.206008599778839
ID13287,13287,12,1.4045779705047607,241.6330902024549,311.70002026003846,0.0,9002.477729,5,7.5,1,,204.67741935483514,255.0,0.0,255.0,323595.0,101.52051449440867,0.8112753228162498,1.8060506005520376
ID13000,13000,12,1.4556039571762085,239.62336462603267,311.308335451669,0.0,7201.982183200001,4,7.5,1,,211.93548387096396,255.0,0.0,255.0,335070.0,95.56503325939698,0.842437229402522,2.0280539628235097
ID13193,13193,12,1.4529764652252197,242.15535179046353,315.8000958584926,0.0,12603.468820600001,7,7.5,1,,186.6129032258034,255.0,0.0,255.0,295035.0,113.00438855814907,0.9228253297588679,1.5850976691912289
ID13100,13100,12,1.4972681999206543,240.76670115718213,313.81007774324166,0.0,10802.9732748,6,7.5,1,,215.48387096773806,255.0,0.0,255.0,340680.0,92.3064339362024,0.890640621980707,2.1994105583963632
ID13520,13520,12,1.2802555561065674,246.0716668136621,319.22075804560154,0.0,18004.955458,10,7.5,1,,133.387096774192,255.0,0.0,255.0,210885.0,127.4043128077235,0.9931652160943814,1.043368899698618
ID13428,13428,12,1.0069597959518433,242.7064882304697,321.00120461652284,0.0,21605.9465496,12,7.5,1,,85.80645161290303,0.0,0.0,255.0,135660.0,120.52836415526926,1.0,0.7119191587331583
ID13237,13237,12,1.441820740699768,229.1141041670423,305.26325546777974,0.0,0.0,0,7.5,1,,211.2903225806414,255.0,0.0,255.0,334050.0,96.13156116415814,0.854007610424213,2.0248545622968033
ID13335,13335,12,1.545154094696045,234.1038048527391,309.2727227129998,0.0,3600.9910916000003,2,7.5,1,,227.74193548386674,255.0,0.0,255.0,360060.0,78.81455043679945,0.9126103107211209,2.7575632251018636
ID13049,13049,12,1.5008151531219482,231.23257949591715,306.8786093403803,0.0,1800.4955458000002,1,7.5,1,,213.06451612902845,255.0,0.0,255.0,336855.0,94.55484450754001,0.9201347952446857,2.1596186802404027
ID13147,13147,12,1.4753625392913818,237.53257166414923,310.00881495356333,0.0,5401.4866374,3,7.5,1,,223.2258064516088,255.0,0.0,255.0,352920.0,84.24552869889986,0.8458724715709165,2.4284587699592137
ID13565,13565,12,1.1902811527252197,244.99065291400316,319.51118076655206,0.0,19805.4510038,11,7.5,1,,114.99999999999898,0.0,0.0,255.0,181815.0,126.92592277946082,0.992076746805453,0.9024366212084398
ID13475,13475,14,1.4333865642547607,228.03771918117317,335.3660106391893,0.0,14403.964366400001,8,7.5,1,,229.35483870967315,255.0,0.0,255.0,362610.0,76.71743293495136,0.789847590672815,2.6385849834678394
ID13383,13383,14,1.4433832168579102,228.1092966619367,335.1359376199284,0.0,16204.459912200002,9,7.5,1,,225.1612903225765,255.0,0.0,255.0,355980.0,81.99252771977407,0.8068415315040638,2.4525486420805764
ID13288,13288,14,1.364428997039795,228.93221638609128,337.11012571543995,0.0,9002.477729,5,7.5,1,,240.48387096773735,255.0,0.0,255.0,380205.0,59.10249003465848,0.6918813174969858,3.3279123557541554
ID13002,13002,14,1.4546821117401123,235.02392967374234,336.8275163960971,0.0,7201.982183200001,4,7.5,1,,244.19354838709208,255.0,0.0,255.0,386070.0,51.38614534126898,0.7832982238561563,4.1746618693865045
ID13194,13194,14,1.3876575231552124,227.77948185155398,335.2747522554945,0.0,12603.468820600001,7,7.5,1,,235.1612903225762,255.0,0.0,255.0,371790.0,68.324587707669,0.738010664314633,2.9230013166531874
ID13101,13101,14,1.3945878744125366,230.859984270409,335.9728855152094,0.0,10802.9732748,6,7.5,1,,239.5161290322535,255.0,0.0,255.0,378675.0,60.9178469344765,0.7196329237615338,3.2907545274438537
ID13521,13521,14,1.4359079599380493,227.54657577556566,336.5750039538534,0.0,18004.955458,10,7.5,1,,229.35483870967315,255.0,0.0,255.0,362610.0,76.71743293495136,0.7922466030405693,2.6430565789609415
ID13429,13429,14,1.4261332750320435,225.9038968659727,336.4703842356523,0.0,21605.9465496,12,7.5,1,,218.70967741935087,255.0,0.0,255.0,345780.0,89.11828202506175,0.7995895416131393,2.180845172963979
ID13240,13240,14,1.3679488897323608,236.0208245892615,336.03314313771614,0.0,0.0,0,7.5,1,,247.58064516128553,255.0,0.0,255.0,391425.0,42.872499873537116,0.6917507597755139,4.722599783344426
ID13337,13337,14,1.385327696800232,236.8906478781994,337.27667835780215,0.0,3600.9910916000003,2,7.5,1,,245.32258064515656,255.0,0.0,255.0,387855.0,48.7400459417023,0.6993904659266232,4.142934969252312
ID13051,13051,14,1.3671311140060425,237.04718659252967,334.8289839754402,0.0,1800.4955458000002,1,7.5,1,,249.51612903225322,255.0,0.0,255.0,394485.0,37.00243610445386,0.6970690372501294,5.539551255097483
ID13149,13149,14,1.4538134336471558,237.0009449040872,335.9887358739623,0.0,5401.4866374,3,7.5,1,,243.70967741935016,255.0,0.0,255.0,385305.0,52.47191980777382,0.7751185333473779,4.056174021022474
ID13566,13566,14,1.457672357559204,226.2059299435344,335.87205001970364,0.0,19805.4510038,11,7.5,1,,226.45161290322162,255.0,0.0,255.0,358020.0,80.42959633949073,0.8287039977711524,2.551793603797781
ID13476,13476,15,1.3760184049606323,234.62885486033267,351.94971575138754,0.0,14403.964366400001,8,7.5,1,,212.9032258064478,255.0,0.0,255.0,336600.0,94.70064157599288,0.7487507491049687,1.9251681694017586
ID13384,13384,15,1.3961312770843506,234.43804247716588,352.1269740966663,0.0,16204.459912200002,9,7.5,1,,212.74193548386717,255.0,0.0,255.0,336345.0,94.84594007071,0.7795259560459104,1.9651269419284303
ID13289,13289,15,1.314745545387268,236.28792707374512,352.2055133771624,0.0,9002.477729,5,7.5,1,,213.2258064516091,255.0,0.0,255.0,337110.0,94.40854655548674,0.6862114693792641,1.8382491902075966
ID13003,13003,15,1.4183614253997803,240.70166656818478,356.0453205851223,0.0,7201.982183200001,4,7.5,1,,232.25806451612468,255.0,0.0,255.0,367200.0,72.70035044958318,0.7531417827211327,2.7448839986001654
ID13195,13195,15,1.327780842781067,234.74478277077822,350.72454967013977,0.0,12603.468820600001,7,7.5,1,,216.77419354838318,255.0,0.0,255.0,342720.0,91.0582939837211,0.6811829063022014,1.929153748313897
ID13102,13102,15,1.3424464464187622,235.15968942138565,352.6824038697912,0.0,10802.9732748,6,7.5,1,,213.06451612902845,255.0,0.0,255.0,336855.0,94.55484450754001,0.7123518789728625,1.874817067614812
ID13522,13522,15,1.3845546245574951,234.51127821782086,353.01072127789763,0.0,18004.955458,10,7.5,1,,212.74193548386717,255.0,0.0,255.0,336345.0,94.84594007071,0.7609975535630455,1.9386029276649934
ID13430,13430,15,1.3715780973434448,234.25711601416145,352.09249191029784,0.0,21605.9465496,12,7.5,1,,211.12903225806076,255.0,0.0,255.0,333795.0,96.27199626157855,0.7431956387115074,1.8699715414175417
ID13241,13241,15,1.377375602722168,237.58849221111987,355.2029731167351,0.0,0.0,0,7.5,1,,238.54838709676966,255.0,0.0,255.0,377145.0,62.66569705657945,0.7091509745622682,3.15889275937446
ID13338,13338,15,1.3986505270004272,242.66334412966216,355.23052243075824,0.0,3600.9910916000003,2,7.5,1,,234.354838709673,255.0,0.0,255.0,370515.0,69.57985092948726,0.7317229432486431,2.8463525324122627
ID13052,13052,15,1.3419125080108643,239.15427516056587,353.4426481036921,0.0,1800.4955458000002,1,7.5,1,,242.90322580644695,255.0,0.0,255.0,384030.0,54.223658911861975,0.6613500082736501,3.56652016430678
ID13150,13150,15,1.4400447607040405,242.6377890593938,355.29648793873605,0.0,5401.4866374,3,7.5,1,,233.5483870967698,255.0,0.0,255.0,369240.0,70.80367556605,0.7749199605663696,2.8802430599563804
ID13567,13567,15,1.4068312644958496,234.55099585726586,352.21379460617175,0.0,19805.4510038,11,7.5,1,,213.38709677418973,255.0,0.0,255.0,337365.0,94.26174538766038,0.7852282046196828,1.9914289867911366
ID13152,13152,16,1.3466029167175293,300.9720298330407,385.5370369141195,0.0,5401.4866374,3,7.5,1,,254.35483870967244,255.0,0.0,255.0,402135.0,12.814201365491435,0.6511228279394655,15.655321652044664
ID13104,13104,16,1.469930648803711,296.94951773213205,385.7377405929876,0.0,10802.9732748,6,7.5,1,,240.645161290318,255.0,0.0,255.0,380460.0,58.79293171739975,0.7804536513665303,3.5883802408128176
ID13569,13569,16,1.5840837955474854,290.39239987582556,392.0524103547361,0.0,19805.4510038,11,7.5,1,,237.9032258064471,255.0,0.0,255.0,376125.0,63.796175600367874,0.9786018652123529,3.688784690252391
ID13524,13524,16,1.557448148727417,292.6539171273126,390.00657915079023,0.0,18004.955458,10,7.5,1,,198.87096774193208,255.0,0.0,255.0,314415.0,105.68585428445327,1.0,1.881717937451414
ID13478,13478,16,1.481445550918579,297.20134278916413,386.7799945864197,0.0,14403.964366400001,8,7.5,1,,223.54838709677009,255.0,0.0,255.0,353430.0,83.87733489510398,0.8288081753721678,2.415698810430224
ID13432,13432,16,1.559230089187622,287.6648067108934,391.9083948372955,0.0,21605.9465496,12,7.5,1,,205.64516129031898,255.0,0.0,255.0,325125.0,100.77701897805825,0.9933495423340959,2.0337877098769446
ID13386,13386,16,1.572903037071228,294.56763610813715,388.7522989729339,0.0,16204.459912200002,9,7.5,1,,228.06451612902802,255.0,0.0,255.0,360570.0,78.40227093777092,0.9684176225071877,2.8622298897697727
ID13291,13291,16,1.4744021892547607,299.49346009284017,384.7100887056813,0.0,9002.477729,5,7.5,1,,232.41935483870532,255.0,0.0,255.0,367455.0,72.4672382011006,0.7990732625352083,2.84903855674233
ID13005,13005,16,1.472118854522705,298.72861216139944,386.8280844281292,0.0,7201.982183200001,4,7.5,1,,238.7096774193503,255.0,0.0,255.0,377400.0,62.378833140814834,0.7860998741763929,3.3684861177000402
ID13341,13341,16,1.2795578241348267,296.6723756805555,383.9393131515186,0.0,3600.9910916000003,2,7.5,1,,254.999999999995,255.0,255.0,255.0,403155.0,5.003803590643346E-12,0.5812799149086977,3.746678981358539E13
ID13197,13197,16,1.4805922508239746,298.76728678428844,386.49657421022624,0.0,12603.468820600001,7,7.5,1,,239.67741935483414,255.0,0.0,255.0,378930.0,60.62013641652904,0.7929856816746718,3.4972665214444714
ID13055,13055,16,1.221139907836914,283.7123131271165,381.9055426123366,0.0,1800.4955458000002,1,7.5,1,,250.96774193547898,255.0,0.0,255.0,396780.0,31.82148938385478,0.5622366870432232,5.676749684743168
ID13154,13154,17,1.4027596712112427,275.71327257008767,407.1479452891258,0.0,5401.4866374,3,7.5,1,,249.99999999999514,255.0,0.0,255.0,395250.0,35.36652568800701,0.70817742065209,5.861202216272069
ID13571,13571,17,1.2813363075256348,272.29629591376863,412.4869178852515,0.0,19805.4510038,11,7.5,1,,138.5483870967725,255.0,0.0,255.0,219045.0,127.06059440628401,0.8475167215612882,1.0004156686993315
ID13480,13480,17,1.288644790649414,275.1736096530131,410.1020294641111,0.0,14403.964366400001,8,7.5,1,,169.5161290322555,255.0,0.0,255.0,268005.0,120.41622130598977,0.7492529460003305,1.2059571385235952
ID13388,13388,17,1.2677853107452393,273.9231776860002,411.83635019388265,0.0,16204.459912200002,9,7.5,1,,147.741935483869,255.0,0.0,255.0,233580.0,125.92276794582298,0.7783922400152158,1.0270709871797559
ID13293,13293,17,1.316666841506958,277.50464367128893,407.5275324491805,0.0,9002.477729,5,7.5,1,,240.80645161289863,255.0,0.0,255.0,380715.0,58.481289738599045,0.6315918371647383,3.187910767026023
ID13007,13007,17,1.3260999917984009,276.36767110573277,406.7337244688363,0.0,7201.982183200001,4,7.5,1,,244.677419354834,255.0,0.0,255.0,386835.0,50.272268092446645,0.6470671577488469,3.824137132702983
ID13199,13199,17,1.0743108987808228,274.357325897281,408.12689287421665,0.0,12603.468820600001,7,7.5,1,,229.9999999999957,255.0,0.0,255.0,363630.0,75.85274708608875,0.44944328265414957,1.8804430528871834
ID13106,13106,17,1.192974328994751,276.64240298857186,409.44211407280295,0.0,10802.9732748,6,7.5,1,,241.1290322580599,255.0,0.0,255.0,381225.0,57.85161987721377,0.5421796317660673,2.9307057084426438
ID13526,13526,17,1.3214925527572632,272.72694596064105,412.23345364294937,0.0,18004.955458,10,7.5,1,,150.64516129032054,255.0,0.0,255.0,238170.0,125.42129494224703,0.8536660905535831,1.1062936694490195
ID13242,13242,17,1.3714593648910522,260.11057821842587,379.2664524432203,0.0,0.0,0,7.5,1,,254.999999999995,255.0,255.0,255.0,403155.0,5.003803590643346E-12,0.6500184979652183,4.0151966881652734E13
ID13434,13434,17,1.140304446220398,269.48373389736616,416.3091270026021,0.0,21605.9465496,12,7.5,1,,133.54838709677264,255.0,0.0,255.0,211140.0,127.39675280618992,0.6341106120414334,0.8135679948352947
ID13340,13340,17,1.2796175479888916,294.6494563120884,383.71176634549613,0.0,3600.9910916000003,2,7.5,1,,254.999999999995,255.0,255.0,255.0,403155.0,5.003803590643346E-12,0.5812799149086977,3.746678981358539E13
ID13053,13053,17,1.2238258123397827,272.24627567699116,380.6146744775831,0.0,1800.4955458000002,1,7.5,1,,248.87096774193066,255.0,0.0,255.0,393465.0,39.06793561609295,0.5624395860651387,4.58623616977902
ID13200,13200,19,1.0564576387405396,283.04163672182625,420.78237070022476,0.0,12603.468820600001,7,7.5,1,,223.06451612902816,255.0,0.0,255.0,352665.0,84.42856099083616,0.4308182009238733,1.5910384891510774
ID13009,13009,19,1.2501587867736816,280.4993123026154,429.8917815328368,0.0,7201.982183200001,4,7.5,1,,233.87096774193108,255.0,0.0,255.0,369750.0,70.31781234185361,0.5983158244388286,2.4900544706557954
ID13345,13345,19,1.3223856687545776,274.171781370665,435.51500083049206,0.0,3600.9910916000003,2,7.5,1,,233.22580645160852,255.0,0.0,255.0,368730.0,71.28476672134884,0.6615185088286378,2.605233672700296
ID13107,13107,19,1.1780461072921753,281.72128299491715,429.1912231976905,0.0,10802.9732748,6,7.5,1,,214.35483870967357,255.0,0.0,255.0,338895.0,93.37023736175222,0.5443973795474255,1.6184966105977672
ID13156,13156,19,1.3131062984466553,278.962482757675,433.4364501213022,0.0,5401.4866374,3,7.5,1,,232.90322580644724,255.0,0.0,255.0,368220.0,71.76118178448829,0.6496928394087657,2.55635349387731
ID13060,13060,19,1.3766729831695557,272.97348146284827,436.7412140510025,0.0,1800.4955458000002,1,7.5,1,,236.45161290322133,255.0,0.0,255.0,373830.0,66.2462969989089,0.7276288608582242,3.0065618007399295
ID13573,13573,19,1.130876064300537,277.4422099897033,430.8867129905475,0.0,19805.4510038,11,7.5,1,,154.19354838709464,255.0,0.0,255.0,243780.0,124.71384150184628,0.6390018286047248,0.9640603122408268
ID13527,13527,19,1.1509262323379517,277.5239233168306,430.68957448774205,0.0,18004.955458,10,7.5,1,,158.3870967741913,255.0,0.0,255.0,250410.0,123.74135207418635,0.6381076627197424,0.9972096095254998
ID13482,13482,19,1.2405136823654175,281.7984977386122,427.51049553095584,0.0,14403.964366400001,8,7.5,1,,195.8064516128999,255.0,0.0,255.0,309570.0,107.69314933665424,0.6060677970123699,1.3722279150861967
ID13294,13294,19,1.2387840747833252,282.4612147999112,429.42235460847616,0.0,9002.477729,5,7.5,1,,234.354838709673,255.0,0.0,255.0,370515.0,69.57985092948726,0.5807873396116283,2.4749368282661903
ID13390,13390,19,1.2533848285675049,279.4487768208774,430.06996750119805,0.0,16204.459912200002,9,7.5,1,,190.48387096773877,255.0,0.0,255.0,301155.0,110.89210983879609,0.6539741070213135,1.3583741379411705
ID13247,13247,19,1.4216549396514893,269.9879268488931,441.40294156789446,0.0,0.0,0,7.5,1,,238.06451612902774,255.0,0.0,255.0,376380.0,63.516057071586204,0.7576931918946396,3.231405410563812
ID13250,13250,20,1.498451590538025,291.15996232273255,448.481587320102,0.0,0.0,0,7.5,1,,247.9032258064468,255.0,0.0,255.0,391935.0,41.957439206621004,0.8349512354097682,5.376996875748766
ID13348,13348,20,1.5137543678283691,298.08902685956565,452.74215584230234,0.0,3600.9910916000003,2,7.5,1,,249.51612903225322,255.0,0.0,255.0,394485.0,37.00243610445386,0.8247993039990797,6.095810837119384
ID13159,13159,20,1.5042579174041748,302.44510930534693,456.54526509912097,0.0,5401.4866374,3,7.5,1,,248.06451612902745,255.0,0.0,255.0,392190.0,41.49140081226313,0.8147101342974039,5.368245863776021
ID13063,13063,20,1.508057951927185,295.1178413557721,450.2462057746177,0.0,1800.4955458000002,1,7.5,1,,250.96774193547898,255.0,0.0,255.0,396780.0,31.82148938385478,0.8174092615917173,7.094376182451131
ID13577,13577,20,1.5198869705200195,301.7198887337534,451.74391713230165,0.0,19805.4510038,11,7.5,1,,226.29032258064098,255.0,0.0,255.0,357765.0,80.62774965161233,0.8696225844580642,2.6108883657543007
ID13485,13485,20,1.5121679306030273,304.0544593039902,453.59514478429395,0.0,14403.964366400001,8,7.5,1,,231.9354838709634,255.0,0.0,255.0,366690.0,73.1632794186258,0.848277646837087,2.909878396574486
ID13297,13297,20,1.4959757328033447,302.6979579795063,454.5369771107888,0.0,9002.477729,5,7.5,1,,247.74193548386617,255.0,0.0,255.0,391680.0,42.41774400088744,0.8057951003953148,5.212404453225823
ID13393,13393,20,1.5105962753295898,303.44169561955863,453.1836612400022,0.0,16204.459912200002,9,7.5,1,,234.03225806451172,255.0,0.0,255.0,370005.0,70.07306022206552,0.843288071404317,3.055887617857096
ID13203,13203,20,1.4998825788497925,301.7006400837491,451.05971787772256,0.0,12603.468820600001,7,7.5,1,,233.70967741935044,255.0,0.0,255.0,369495.0,70.56134660092773,0.8274331290862464,2.999378284117248
ID13012,13012,20,1.4972944259643555,301.8988360533255,454.69970802954623,0.0,7201.982183200001,4,7.5,1,,248.38709677418873,255.0,0.0,255.0,392700.0,40.5413298787539,0.804375144735005,5.462517515808886
ID13110,13110,20,1.5054246187210083,302.62804231555464,454.1798438054823,0.0,10802.9732748,6,7.5,1,,235.1612903225762,255.0,0.0,255.0,371790.0,68.324587707669,0.8337054926313278,3.1296940722661413
ID13531,13531,20,1.521448016166687,302.5478722195123,452.44462931131926,0.0,18004.955458,10,7.5,1,,230.64516129031827,255.0,0.0,255.0,364650.0,74.97253478324834,0.8645722071505844,2.852950347166914
ID13438,13438,20,1.518099308013916,300.21881370589034,451.31465230548633,0.0,21605.9465496,12,7.5,1,,222.90322580644752,255.0,0.0,255.0,352410.0,84.61088969007005,0.8767637326032155,2.461461583359775
ID13394,13394,21,1.3142001628875732,253.93410596269848,472.24917845988756,0.0,16204.459912200002,9,7.5,1,,132.90322580645008,255.0,0.0,255.0,210120.0,127.42576442366341,1.0,1.042985509308583
ID13442,13442,21,1.299774408340454,231.13250710057122,487.6981926622096,0.0,21605.9465496,12,7.5,1,,229.67741935483443,255.0,0.0,255.0,363120.0,76.28699759756006,0.6456445173706852,2.3624096766615015
ID13299,13299,21,1.5367966890335083,253.6545841916665,484.67095322376804,0.0,9002.477729,5,7.5,1,,234.354838709673,255.0,0.0,255.0,370515.0,69.57985092948726,0.8759700447152324,3.145457214512197
ID13252,13252,21,1.5402565002441406,243.76009984412303,483.7212029628456,0.0,0.0,0,7.5,1,,240.48387096773735,255.0,0.0,255.0,380205.0,59.10249003465848,0.8772625548105137,3.802898603181204
ID13205,13205,21,1.5052627325057983,252.43780494878706,479.04270594033784,0.0,12603.468820600001,7,7.5,1,,191.12903225806133,255.0,0.0,255.0,302175.0,110.52295047023452,0.9722704396213979,1.7050016464939544
ID13014,13014,21,1.5394418239593506,252.7544181944842,484.7872860920896,0.0,7201.982183200001,4,7.5,1,,239.35483870967286,255.0,0.0,255.0,378420.0,61.21368432826217,0.8737792806323215,3.6467584458228295
ID13350,13350,21,1.53739595413208,248.39273616897086,483.57757046094514,0.0,3600.9910916000003,2,7.5,1,,241.4516129032212,255.0,0.0,255.0,381735.0,57.21320081135793,0.8727282901427071,3.9334002797730867
ID13112,13112,21,1.5409404039382935,252.53554785754625,481.17047482171745,0.0,10802.9732748,6,7.5,1,,218.70967741935087,255.0,0.0,255.0,345780.0,89.11828202506175,0.9187414992856768,2.350217495461653
ID13161,13161,21,1.5360792875289917,249.2641871283266,483.8605502534436,0.0,5401.4866374,3,7.5,1,,241.1290322580599,255.0,0.0,255.0,381225.0,57.85161987721377,0.8671800616073906,3.8715694800892755
ID13065,13065,21,1.5311827659606934,246.28129021857015,483.5670889994087,0.0,1800.4955458000002,1,7.5,1,,243.8709677419308,255.0,0.0,255.0,385560.0,52.11300815170609,0.8612368998263634,4.330768101798136
ID13580,13580,21,1.2774454355239868,231.6171087481178,487.0980977099067,0.0,19805.4510038,11,7.5,1,,227.74193548386674,255.0,0.0,255.0,360060.0,78.81455043679945,0.6273939865043605,2.227995170343955
ID13487,13487,21,1.3680733442306519,253.13936693932882,477.3932410623399,0.0,14403.964366400001,8,7.5,1,,149.35483870967542,255.0,0.0,255.0,236130.0,125.65270586347089,0.9893383916645431,1.182261768724625
ID13536,13536,22,1.4348891973495483,259.96451644603076,525.404137117653,0.0,18004.955458,10,7.5,1,,201.45161290322233,255.0,0.0,255.0,318495.0,103.8953147308859,0.8254079694435983,1.7535311977772179
ID13444,13444,22,1.4265403747558594,257.78392048972046,526.1006548507454,0.0,21605.9465496,12,7.5,1,,197.58064516128695,255.0,0.0,255.0,312375.0,106.54639141654293,0.8387750833271185,1.691813788654594
ID13256,13256,22,1.4602586030960083,241.75651446752516,544.6484711072808,0.0,0.0,0,7.5,1,,247.74193548386617,255.0,0.0,255.0,391680.0,42.41774400088744,0.7725531838921427,5.091093430409376
ID13353,13353,22,1.4746326208114624,256.07217446246597,534.0809239991926,0.0,3600.9910916000003,2,7.5,1,,243.54838709676952,255.0,0.0,255.0,385050.0,52.82790035521982,0.7887756756681344,4.065832960284993
ID13164,13164,22,1.4789948463439941,259.44592959527733,533.3142799796127,0.0,5401.4866374,3,7.5,1,,242.41935483870503,255.0,0.0,255.0,383265.0,55.24239433154706,0.7966085341438081,3.8914933223232695
ID13069,13069,22,1.4613924026489258,247.61621687333107,541.0830716965269,0.0,1800.4955458000002,1,7.5,1,,246.77419354838233,255.0,0.0,255.0,390150.0,45.06885300094218,0.7735831549366681,4.7764878843307255
ID13582,13582,22,1.440142273902893,258.43403989543,526.3650429488932,0.0,19805.4510038,11,7.5,1,,199.99999999999656,255.0,0.0,255.0,316200.0,104.91406972049148,0.8391183777821278,1.7395615744499433
ID13489,13489,22,1.470507264137268,262.02276123064814,522.527080624293,0.0,14403.964366400001,8,7.5,1,,218.0645161290283,255.0,0.0,255.0,344760.0,89.77425069695116,0.8213940827165502,2.1908409875924364
ID13302,13302,22,1.4840736389160156,269.7150079808812,529.5821284096706,0.0,9002.477729,5,7.5,1,,230.96774193547955,255.0,0.0,255.0,365160.0,74.52643467312399,0.8112391650918864,2.7761574136780895
ID13398,13398,22,1.4506601095199585,261.8475797821075,522.7843143029783,0.0,16204.459912200002,9,7.5,1,,209.83870967741564,255.0,0.0,255.0,331755.0,97.37856400902605,0.8172869417989653,1.9382209828811416
ID13208,13208,22,1.4791067838668823,264.8818077137681,527.7827703127872,0.0,12603.468820600001,7,7.5,1,,228.70967741935058,255.0,0.0,255.0,361590.0,77.56711157889838,0.8116017585852454,2.6419047955354102
ID13017,13017,22,1.4910826683044434,266.30806760510364,531.18628710729,0.0,7201.982183200001,4,7.5,1,,238.7096774193503,255.0,0.0,255.0,377400.0,62.378833140814834,0.811676044613425,3.428980077123398
ID13115,13115,22,1.478811502456665,268.27659455137945,529.4914284945273,0.0,10802.9732748,6,7.5,1,,222.58064516128624,255.0,0.0,255.0,351900.0,84.97345440940862,0.825128070773973,2.368438630348845
ID13538,13538,23,1.4633373022079468,304.5776744192195,550.8778970841685,0.0,18004.955458,10,7.5,1,,220.48387096773791,255.0,0.0,255.0,348585.0,87.2643475516455,0.8366396785830831,2.301889489310288
ID13446,13446,23,1.4530186653137207,304.7838601308055,550.6306532317317,0.0,21605.9465496,12,7.5,1,,220.48387096773791,255.0,0.0,255.0,348585.0,87.2643475516455,0.8227497666186545,2.280923350630648
ID13257,13257,23,1.3479870557785034,296.6423613555813,547.924231628835,0.0,0.0,0,7.5,1,,250.32258064515642,255.0,0.0,255.0,395760.0,34.22871216723128,0.6713233027825918,5.875038511157823
ID13355,13355,23,1.3694324493408203,303.990283378031,550.5353879998092,0.0,3600.9910916000003,2,7.5,1,,252.41935483870475,255.0,0.0,255.0,399075.0,25.530708337041467,0.6873604976479305,8.055017268924379
ID13166,13166,23,1.335369348526001,303.9220594818456,550.5962623452763,0.0,5401.4866374,3,7.5,1,,248.06451612902745,255.0,0.0,255.0,392190.0,41.49140081226313,0.6697902550371917,4.796378488589126
ID13070,13070,23,1.3474944829940796,302.2006199004094,547.1520149783156,0.0,1800.4955458000002,1,7.5,1,,250.96774193547898,255.0,0.0,255.0,396780.0,31.82148938385478,0.6781022570288627,6.373884134820088
ID13584,13584,23,1.4590272903442383,304.9613215918579,550.5198033659202,0.0,19805.4510038,11,7.5,1,,220.96774193547984,255.0,0.0,255.0,349350.0,86.74555164912408,0.8295764863699489,2.3100294883679795
ID13492,13492,23,1.4786914587020874,306.29705565731444,550.7143782008919,0.0,14403.964366400001,8,7.5,1,,219.83870967741535,255.0,0.0,255.0,347565.0,87.94717153851859,0.8583864511901376,2.3091870263957532
ID13304,13304,23,1.3769029378890991,308.4919012837439,549.5905420755792,0.0,9002.477729,5,7.5,1,,245.4838709677372,255.0,0.0,255.0,388110.0,48.348057955246986,0.7032665103275595,4.192868615568447
ID13401,13401,23,1.4592443704605103,304.9186935150767,550.8600680183403,0.0,16204.459912200002,9,7.5,1,,221.77419354838304,255.0,0.0,255.0,350625.0,85.86786429401793,0.8349052080339648,2.350357253359608
ID13210,13210,23,1.4557334184646606,307.4295086740771,550.2188065450341,0.0,12603.468820600001,7,7.5,1,,228.3870967741893,255.0,0.0,255.0,361080.0,77.9864768250183,0.8088999679486321,2.619162993372709
ID13019,13019,23,1.3577136993408203,307.63064039983755,550.3399200520589,0.0,7201.982183200001,4,7.5,1,,244.35483870967272,255.0,0.0,255.0,386325.0,51.018065399834825,0.690318847584238,3.912082904864283
ID13117,13117,23,1.4175760746002197,308.0874214091563,549.7201064985859,0.0,10802.9732748,6,7.5,1,,240.80645161289863,255.0,0.0,255.0,380715.0,58.481289738599045,0.7513385334297319,3.533025170559567
ID13539,13539,24,1.4360737800598145,295.8512083160482,570.2090782626346,0.0,18004.955458,10,7.5,1,,169.83870967741677,255.0,0.0,255.0,268515.0,120.30310840962376,0.9317186936040637,1.3618546404542533
ID13447,13447,24,1.4135006666183472,296.28527962757863,569.5304834784295,0.0,21605.9465496,12,7.5,1,,165.1612903225782,255.0,0.0,255.0,261120.0,121.84936714141676,0.9050352221951539,1.2878861018945404
ID13258,13258,24,1.435876488685608,289.8919699790861,572.4077591031896,0.0,0.0,0,7.5,1,,245.80645161289848,255.0,0.0,255.0,388620.0,47.55274735633143,0.7782926607203928,4.5246746752674625
ID13356,13356,24,1.3712482452392578,293.5261317236044,572.0559670071173,0.0,3600.9910916000003,2,7.5,1,,205.96774193548026,255.0,0.0,255.0,325635.0,100.52589361886824,0.7325904987424015,1.7326730257946827
ID13167,13167,24,1.3800632953643799,292.751329495584,570.6172409325782,0.0,5401.4866374,3,7.5,1,,197.7419354838676,255.0,0.0,255.0,312630.0,106.44006071546762,0.7802110255708575,1.628411870387397
ID13071,13071,24,1.537597894668579,288.7046780630028,565.2947186527634,0.0,1800.4955458000002,1,7.5,1,,243.22580645160824,255.0,0.0,255.0,384540.0,53.53130154402893,0.9235824380522486,4.363115479374124
ID13585,13585,24,1.4195324182510376,296.44146391512203,569.5039472612411,0.0,19805.4510038,11,7.5,1,,166.7741935483846,255.0,0.0,255.0,263670.0,121.33878293850826,0.9115309088459752,1.3108387922723728
ID13493,13493,24,1.4463335275650024,296.5662924562924,569.3870049949854,0.0,14403.964366400001,8,7.5,1,,176.61290322580368,255.0,0.0,255.0,279225.0,117.69849137255552,0.9210197606956205,1.4388603497679207
ID13305,13305,24,1.4995076656341553,296.61681699561467,570.2046473675884,0.0,9002.477729,5,7.5,1,,194.35483870967414,255.0,0.0,255.0,307275.0,108.60083086927227,0.9551376614380983,1.7485611844227433
ID13402,13402,24,1.4335023164749146,296.1226819970006,569.675254265917,0.0,16204.459912200002,9,7.5,1,,174.677419354836,255.0,0.0,255.0,276165.0,118.48806350145058,0.8986993215056227,1.3955659983113338
ID13211,13211,24,1.4488903284072876,297.06454229453647,567.8958556111893,0.0,12603.468820600001,7,7.5,1,,185.8064516129002,255.0,0.0,255.0,293760.0,113.42285833902349,0.8983582898547817,1.5504636692718767
ID13020,13020,24,1.4042741060256958,294.23050340047587,569.3229461030927,0.0,7201.982183200001,4,7.5,1,,200.9677419354804,255.0,0.0,255.0,317730.0,104.23825361028058,0.8039500076447333,1.7184376038215396
ID13118,13118,24,1.4861409664154053,296.2176485637291,568.2851479023642,0.0,10802.9732748,6,7.5,1,,194.67741935483542,255.0,0.0,255.0,307785.0,108.40146165308865,0.9407229447311318,1.7410395407583583
ID13120,13120,25,1.5445754528045654,247.19470114437917,593.024154083157,0.0,10802.9732748,6,7.5,1,,231.1290322580602,255.0,0.0,255.0,365415.0,74.30185474549128,0.8981099176939621,2.943696120838582
ID13541,13541,25,1.5290091037750244,247.55164836056414,590.7557686119178,0.0,18004.955458,10,7.5,1,,217.09677419354446,255.0,0.0,255.0,343230.0,90.74070790921938,0.9046918006520119,2.272778670630575
ID13449,13449,25,1.53652024269104,247.72370478711656,589.4417085799836,0.0,21605.9465496,12,7.5,1,,218.22580645160895,255.0,0.0,255.0,345015.0,89.61114443540592,0.9156798393901688,2.32806339657975
ID13260,13260,25,1.1873416900634766,250.69244023865818,594.7976581634623,0.0,0.0,0,7.5,1,,254.999999999995,255.0,255.0,255.0,403155.0,5.003803590643346E-12,0.5042158516020163,3.4164593334132367E13
ID13358,13358,25,1.3178929090499878,252.42558432681375,594.2396258891044,0.0,3600.9910916000003,2,7.5,1,,254.999999999995,255.0,255.0,255.0,403155.0,5.003803590643346E-12,0.6103989889871757,3.863227092398058E13
ID13169,13169,25,1.5044822692871094,250.69281426148012,593.4962097304007,0.0,5401.4866374,3,7.5,1,,246.45161290322105,255.0,0.0,255.0,389640.0,45.914019455100984,0.820504207068299,4.838441247040072
ID13073,13073,25,1.172599196434021,249.1309719005137,596.2672157721822,0.0,1800.4955458000002,1,7.5,1,,254.999999999995,255.0,255.0,255.0,403155.0,5.003803590643346E-12,0.49714669352130847,3.3844657343043492E13
ID13587,13587,25,1.5335466861724854,248.3269791056055,590.0964119211269,0.0,19805.4510038,11,7.5,1,,217.74193548386702,255.0,0.0,255.0,344250.0,90.09871066975872,0.9106952284028116,2.3037488982480223
ID13495,13495,25,1.5368318557739258,247.14462573952463,590.7208642447875,0.0,14403.964366400001,8,7.5,1,,221.45161290322176,255.0,0.0,255.0,350115.0,86.22091712347026,0.9083570517912628,2.445080507011367
ID13307,13307,25,1.5454624891281128,247.3080986447393,593.6527403239818,0.0,9002.477729,5,7.5,1,,240.3225806451567,255.0,0.0,255.0,379950.0,59.409997261420116,0.8830720875665055,3.7939731576392015
ID13404,13404,25,1.5261849164962769,247.01153116285016,590.145978282947,0.0,16204.459912200002,9,7.5,1,,207.41935483870603,255.0,0.0,255.0,327930.0,99.37501203802798,0.9318388501847772,2.0135944145788773
ID13213,13213,25,1.5309375524520874,248.2719714948415,590.9889994366054,0.0,12603.468820600001,7,7.5,1,,230.48387096773763,255.0,0.0,255.0,364395.0,75.19407311812772,0.8783842748749202,2.8667315958424924
ID13022,13022,25,1.5218918323516846,249.07051576154777,593.9850946243986,0.0,7201.982183200001,4,7.5,1,,241.77419354838247,255.0,0.0,255.0,382245.0,56.56573630281306,0.8463109626939962,3.9184256671514968
ID13121,13121,26,1.4607808589935303,334.36767932751485,598.4685862883033,0.0,10802.9732748,6,7.5,1,,215.6451612903187,255.0,0.0,255.0,340935.0,92.15232963903163,0.8112698392689426,2.0962620381416177
ID13542,13542,26,1.4521135091781616,333.614031537525,596.1169388697493,0.0,18004.955458,10,7.5,1,,194.9999999999967,255.0,0.0,255.0,308295.0,108.20076276667739,0.8618840416820518,1.6685164572501954
ID13450,13450,26,1.2453980445861816,332.63319569841127,591.7879246441848,0.0,21605.9465496,12,7.5,1,,136.6129032258048,255.0,0.0,255.0,215985.0,127.21415487472346,0.9565998249863451,1.050061090285565
ID13261,13261,26,1.470136046409607,310.42311294983466,596.3961227514193,0.0,0.0,0,7.5,1,,237.0967741935439,255.0,0.0,255.0,374850.0,65.17272179986341,0.785954344325358,3.201966239063381
ID13359,13359,26,1.4856750965118408,320.75441665843033,599.515606732494,0.0,3600.9910916000003,2,7.5,1,,238.54838709676966,255.0,0.0,255.0,377145.0,62.66569705657945,0.8037290641081032,3.3924618727481324
ID13170,13170,26,1.4884464740753174,324.54358003421186,598.0710492891387,0.0,5401.4866374,3,7.5,1,,233.70967741935044,255.0,0.0,255.0,369495.0,70.56134660092773,0.8108371311641778,2.9661565484714516
ID13074,13074,26,1.4552996158599854,316.22226307421937,600.1779613460606,0.0,1800.4955458000002,1,7.5,1,,237.41935483870517,255.0,0.0,255.0,375360.0,64.6268303011482,0.7713559839709341,3.199501104492782
ID13588,13588,26,1.3985676765441895,334.0696762964751,593.8471991115712,0.0,19805.4510038,11,7.5,1,,167.5806451612878,255.0,0.0,255.0,264945.0,121.07462122027697,0.9410599606379433,1.3420820854209943
ID13496,13496,26,1.3072538375854492,332.4442269362705,598.2785417216513,0.0,14403.964366400001,8,7.5,1,,154.67741935483656,255.0,0.0,255.0,244545.0,124.609225850282,0.9157324771867547,1.1866987110032599
ID13308,13308,26,1.4878332614898682,332.8822557757158,595.4380830044809,0.0,9002.477729,5,7.5,1,,229.83870967741507,255.0,0.0,255.0,363375.0,76.07035330870438,0.8177676166222096,2.718499663299505
ID13405,13405,26,1.3754931688308716,333.8836601232619,597.3925782311234,0.0,16204.459912200002,9,7.5,1,,162.90322580644923,255.0,0.0,255.0,257550.0,122.52492434000449,0.9282622738050231,1.280088019108844
ID13214,13214,26,1.46254301071167,334.13613030077016,596.5186292957594,0.0,12603.468820600001,7,7.5,1,,207.41935483870603,255.0,0.0,255.0,327930.0,99.37501203802798,0.8313899930615108,1.895073403468735
ID13023,13023,26,1.4987541437149048,330.2964814170577,597.7710672302135,0.0,7201.982183200001,4,7.5,1,,236.12903225806005,255.0,0.0,255.0,373320.0,66.77427343897546,0.8217886755939148,3.19030618497447
ID13024,13024,27,1.4879268407821655,239.15835746451066,627.3481998319986,0.0,7201.982183200001,4,7.5,1,,174.83870967741663,255.0,0.0,255.0,276420.0,118.42367587159859,1.0,1.4763830660600867
ID13122,13122,27,1.3265904188156128,238.18374685044975,626.2476799040161,0.0,10802.9732748,6,7.5,1,,139.83870967741763,255.0,0.0,255.0,221085.0,126.94171360317578,1.0,1.10159777828869
ID13543,13543,27,1.2450088262557983,237.00021662749987,625.4034797604439,0.0,18004.955458,10,7.5,1,,133.387096774192,255.0,0.0,255.0,210885.0,127.4043128077235,0.9830001827937331,1.037983692246936
ID13451,13451,27,1.2836649417877197,236.71847283461955,624.6087866626481,0.0,21605.9465496,12,7.5,1,,131.12903225806303,255.0,0.0,255.0,207315.0,127.48866834087228,1.0,1.0285544116552958
ID13262,13262,27,1.4739521741867065,244.4945566415963,624.6543878571545,0.0,0.0,0,7.5,1,,206.45161290322218,255.0,0.0,255.0,326400.0,100.14607542499903,0.8817054999705798,1.9319070920212702
ID13360,13360,27,1.5215041637420654,243.97066159896974,624.2745768826944,0.0,3600.9910916000003,2,7.5,1,,221.6129032258024,255.0,0.0,255.0,350370.0,86.04472305171916,0.8788188168853426,2.40943516231779
ID13171,13171,27,1.519781470298767,242.64166657467797,625.5458159620648,0.0,5401.4866374,3,7.5,1,,220.16129032257663,255.0,0.0,255.0,348075.0,87.6070190781025,0.8799022854713074,2.352508623964424
ID13075,13075,27,1.5242931842803955,244.13374436523577,624.5071065676328,0.0,1800.4955458000002,1,7.5,1,,220.32258064515727,255.0,0.0,255.0,348330.0,87.43600004412629,0.8832005531806555,2.363531981501731
ID13589,13589,27,1.2350199222564697,237.45359713264148,625.0806726097943,0.0,19805.4510038,11,7.5,1,,130.1612903225792,255.0,0.0,255.0,205785.0,127.51255552716476,0.9869084043738016,1.014046549923056
ID13497,13497,27,1.2831469774246216,236.48368273624845,624.9146653344166,0.0,14403.964366400001,8,7.5,1,,142.41935483870787,255.0,0.0,255.0,225165.0,126.66416517340843,0.9793400122534541,1.1126494029354181
ID13309,13309,27,1.405230164527893,237.4623341532538,626.7446287943093,0.0,9002.477729,5,7.5,1,,146.1290322580626,255.0,0.0,255.0,231030.0,126.17162231202362,1.0,1.1581766928278383
ID13406,13406,27,1.2324841022491455,236.87112877518442,625.1092988473998,0.0,16204.459912200002,9,7.5,1,,133.06451612903072,255.0,0.0,255.0,210375.0,127.41881858150042,0.9787444289834026,1.0330902875820027
ID13215,13215,27,1.3022841215133667,237.04478636094163,625.5355004905535,0.0,12603.468820600001,7,7.5,1,,147.41935483870773,255.0,0.0,255.0,233070.0,125.97423126024188,0.9686950424037506,1.1516258760525317
ID13216,13216,28,1.529722809791565,317.4915234874024,630.8408731127766,0.0,12603.468820600001,7,7.5,1,,242.90322580644695,255.0,0.0,255.0,384030.0,54.223658911861975,0.8574684264714031,4.135910723362715
ID13025,13025,28,1.5033249855041504,299.4264489610002,633.5440487647669,0.0,7201.982183200001,4,7.5,1,,247.58064516128553,255.0,0.0,255.0,391425.0,42.872499873537116,0.8189544990369295,5.200029602595649
ID13123,13123,28,1.5240923166275024,313.6079195439406,630.9684608569919,0.0,10802.9732748,6,7.5,1,,245.32258064515656,255.0,0.0,255.0,387855.0,48.7400459417023,0.8483654061512428,4.620369467365642
ID13544,13544,28,1.5456973314285278,315.0024402275709,629.2723447599167,0.0,18004.955458,10,7.5,1,,234.354838709673,255.0,0.0,255.0,370515.0,69.57985092948726,0.891989500074009,3.17586071241796
ID13452,13452,28,1.5393767356872559,315.6456558274096,628.3009932749623,0.0,21605.9465496,12,7.5,1,,233.06451612902788,255.0,0.0,255.0,368475.0,71.52355290283559,0.8835582407536201,3.057125037918526
ID13263,13263,28,1.4959193468093872,262.943268331243,638.259831594888,0.0,0.0,0,7.5,1,,248.38709677418873,255.0,0.0,255.0,392700.0,40.5413298787539,0.8172060179670114,5.5104672548567795
ID13361,13361,28,1.521570086479187,269.5748979352495,632.8929150709015,0.0,3600.9910916000003,2,7.5,1,,245.64516129031784,255.0,0.0,255.0,388365.0,47.95232294292612,0.8449772867433023,4.692265420154424
ID13172,13172,28,1.5074909925460815,274.9679151730593,633.6638993647047,0.0,5401.4866374,3,7.5,1,,241.9354838709631,255.0,0.0,255.0,382500.0,56.2385145481224,0.8268753018337948,3.8942770019061954
ID13076,13076,28,1.5059545040130615,268.76659565181353,637.8861651071267,0.0,1800.4955458000002,1,7.5,1,,251.4516129032209,255.0,0.0,255.0,397545.0,29.8799660708783,0.8162272576186659,7.563890375745327
ID13590,13590,28,1.5470174551010132,315.6969692088978,628.013373541157,0.0,19805.4510038,11,7.5,1,,235.9677419354794,255.0,0.0,255.0,373065.0,67.03611984462043,0.8922542762540191,3.319578218377876
ID13498,13498,28,1.536021113395691,316.3774391631692,630.7876958730343,0.0,14403.964366400001,8,7.5,1,,234.83870967741493,255.0,0.0,255.0,371280.0,68.83057474407916,0.8744972782846568,3.183405286411033
ID13310,13310,28,1.5041190385818481,309.79743322383774,629.8086623330554,0.0,9002.477729,5,7.5,1,,248.70967741935002,255.0,0.0,255.0,393210.0,39.565821955924854,0.819702275421625,5.663152935059455
ID13407,13407,28,1.5450809001922607,315.57588335105737,629.7564076352038,0.0,16204.459912200002,9,7.5,1,,230.96774193547955,255.0,0.0,255.0,365160.0,74.52643467312399,0.8958155169225336,2.9288254265850058
ID13312,13312,29,1.390093445777893,247.02341094818914,675.3353126233094,0.0,9002.477729,5,7.5,1,,138.22580645161122,255.0,0.0,255.0,218535.0,127.08824898395574,1.0,1.087636406644186
ID13409,13409,29,1.3945480585098267,248.6597326004665,676.8119410490712,0.0,16204.459912200002,9,7.5,1,,139.3548387096757,255.0,0.0,255.0,220320.0,126.98784436864503,1.0,1.097387229482606
ID13218,13218,29,1.399704098701477,249.01138514289607,676.623884317621,0.0,12603.468820600001,7,7.5,1,,140.32258064515955,255.0,0.0,255.0,221850.0,126.89371981714362,1.0,1.105827623678833
ID13027,13027,29,1.3810256719589233,247.65762500165636,676.911155371993,0.0,7201.982183200001,4,7.5,1,,136.1290322580629,255.0,0.0,255.0,215220.0,127.24791330864453,1.0,1.0697938278003576
ID13125,13125,29,1.3889596462249756,248.92891966152845,676.6339918046143,0.0,10802.9732748,6,7.5,1,,138.06451612903058,255.0,0.0,255.0,218280.0,127.10176680980724,1.0,1.086251746095928
ID13546,13546,29,1.3860225677490234,248.74141219374326,677.0813762578806,0.0,18004.955458,10,7.5,1,,137.58064516128866,255.0,0.0,255.0,217515.0,127.14108322204616,1.0,1.082110059743712
ID13454,13454,29,1.3857561349868774,248.71669707235247,676.9160987417561,0.0,21605.9465496,12,7.5,1,,137.58064516128866,255.0,0.0,255.0,217515.0,127.14108322204616,1.0,1.082110059743712
ID13265,13265,29,1.3159281015396118,247.31831071331646,682.2359473181244,0.0,0.0,0,7.5,1,,122.2580645161278,0.0,0.0,255.0,193290.0,127.43250561429626,1.0,0.9593946530892982
ID13363,13363,29,1.3554280996322632,252.04840299069141,680.3867007408319,0.0,3600.9910916000003,2,7.5,1,,130.32258064515983,255.0,0.0,255.0,206040.0,127.50908501727983,1.0,1.0220650601288428
ID13174,13174,29,1.363366961479187,249.93087825681212,678.9972441534096,0.0,5401.4866374,3,7.5,1,,132.25806451612752,255.0,0.0,255.0,209100.0,127.45150159683902,1.0,1.0377128779109472
ID13078,13078,29,1.3417338132858276,250.6863157006433,679.4135278497264,0.0,1800.4955458000002,1,7.5,1,,126.93548387096638,0.0,0.0,255.0,200685.0,127.53909159809444,1.0,0.9952672728058142
ID13592,13592,29,1.3947824239730835,248.91437307571945,676.6387984632747,0.0,19805.4510038,11,7.5,1,,139.67741935483699,255.0,0.0,255.0,220830.0,126.95729742531246,1.0,1.1001921290661345
ID13500,13500,29,1.3995375633239746,248.87691582644916,676.5933841989995,0.0,14403.964366400001,8,7.5,1,,140.64516129032083,255.0,0.0,255.0,222360.0,126.8606879075685,1.0,1.1086583527971705
