LABEL,ID,TRACK_ID,QUALITY,POSITION_X,POSITION_Y,POSITION_Z,POSITION_T,FRAME,RADIUS,VISIBILITY,MANUAL_SPOT_COLOR,MEAN_INTENSITY_CH1,MEDIAN_INTENSITY_CH1,MIN_INTENSITY_CH1,MAX_INTENSITY_CH1,TOTAL_INTENSITY_CH1,STD_INTENSITY_CH1,CONTRAST_CH1,SNR_CH1
Label,Spot ID,Track ID,Quality,X,Y,Z,T,Frame,Radius,Visibility,Manual spot color,Mean intensity ch1,Median intensity ch1,Min intensity ch1,Max intensity ch1,Sum intensity ch1,Std intensity ch1,Contrast ch1,Signal/Noise ratio ch1
Label,Spot ID,Track ID,Quality,X,Y,Z,T,Frame,R,Visibility,Spot color,Mean ch1,Median ch1,Min ch1,Max ch1,Sum ch1,Std ch1,Ctrst ch1,SNR ch1
,,,(quality),(micron),(micron),(micron),(sec),,(micron),,,(counts),(counts),(counts),(counts),(counts),(counts),,
ID14050,14050,0,1.3118253946304321,230.78185955186825,12.302114857936655,0.0,7201.982183200001,4,7.5,1,,250.48387096773706,255.0,0.0,255.0,396015.0,33.644218555664544,0.6609026642620734,5.925058426428304
ID14152,14152,0,1.2751213312149048,231.50935566812024,11.967463798715656,0.0,1800.4955458000002,1,7.5,1,,246.45161290322105,255.0,0.0,255.0,389640.0,45.914019455100984,0.6466644357977613,4.215899191019462
ID14632,14632,0,1.3049627542495728,224.80245406087988,5.873172344101732,0.0,21605.9465496,12,7.5,1,,197.53067678684042,255.0,0.0,255.0,312296.0,104.65656844093932,0.9787166857426138,1.867116570136575
ID14539,14539,0,1.4362051486968994,223.8800904111659,9.427727916466955,0.0,16204.459912200002,9,7.5,1,,218.8709677419315,255.0,0.0,255.0,346035.0,88.95280243846867,0.9336930344499546,2.376156849442343
ID14348,14348,0,1.41659414768219,228.67951295981985,12.457562177831365,0.0,10802.9732748,6,7.5,1,,251.12903225805962,255.0,0.0,255.0,397035.0,31.188581948145522,0.7423028981929155,6.861021602584779
ID14253,14253,0,1.3059223890304565,230.55438829388598,13.517383449251444,0.0,0.0,0,7.5,1,,254.35483870967244,255.0,0.0,255.0,402135.0,12.814201365491435,0.6322197508192694,15.376867979185533
ID14448,14448,0,1.3181616067886353,224.0307108023295,7.160030786433006,0.0,19805.4510038,11,7.5,1,,181.4516129032229,255.0,0.0,255.0,286875.0,115.55916219553372,0.9618525925544765,1.5396733448195878
ID14101,14101,0,1.4191374778747559,227.2679423111214,12.052438632630698,0.0,12603.468820600001,7,7.5,1,,246.12903225805977,255.0,0.0,255.0,389130.0,46.74167953723659,0.7585806501556825,4.542845809621186
ID14583,14583,0,1.4039629697799683,222.74340740155287,10.456278068476681,0.0,14403.964366400001,8,7.5,1,,234.03225806451172,255.0,0.0,255.0,370005.0,70.07306022206552,0.8115211385095099,2.9923408741570956
ID14202,14202,0,1.2836089134216309,229.66088142495278,10.24596837777153,0.0,5401.4866374,3,7.5,1,,243.70967741935016,255.0,0.0,255.0,385305.0,52.47191980777382,0.7153780658069018,3.8739283493548338
ID14300,14300,0,1.3204901218414307,230.07584203193014,12.041303093256236,0.0,9002.477729,5,7.5,1,,245.64516129031784,255.0,0.0,255.0,388365.0,47.95232294292612,0.6788793557291954,4.14287349881963
ID14493,14493,0,1.376333475112915,224.1935140642766,8.29401513720478,0.0,18004.955458,10,7.5,1,,197.58064516128695,255.0,0.0,255.0,312375.0,106.54639141654293,0.9638960880239537,1.8203184132959556
ID14398,14398,0,1.2960870265960693,229.369643521457,10.221432419593937,0.0,3600.9910916000003,2,7.5,1,,234.19354838709236,255.0,0.0,255.0,370260.0,69.82707743533594,0.7262743832937821,2.822097132825757
ID14400,14400,1,1.4712392091751099,253.53550741826015,81.60857306507687,0.0,3600.9910916000003,2,7.5,1,,203.38709677419,255.0,0.0,255.0,321555.0,102.48923097727248,0.8608524691270178,1.8360814575391575
ID14496,14496,1,1.245190143585205,265.6762909905301,89.08335792439793,0.0,18004.955458,10,7.5,1,,109.67741935483784,0.0,0.0,255.0,173400.0,126.28813619743494,1.0,0.8684696968159509
ID14052,14052,1,1.5111476182937622,259.9705271329653,88.75358413028826,0.0,7201.982183200001,4,7.5,1,,207.58064516128667,255.0,0.0,255.0,328185.0,99.24500104664382,0.9237010538761757,2.0086398226858173
ID14154,14154,1,1.486363172531128,248.5871618233898,74.1372898461562,0.0,1800.4955458000002,1,7.5,1,,202.25806451612553,255.0,0.0,255.0,319770.0,103.31618150394307,0.8879262766145959,1.8414476347198863
ID14634,14634,1,1.318928837776184,269.56519683544354,87.44490339924312,0.0,21605.9465496,12,7.5,1,,124.99999999999869,0.0,0.0,255.0,197625.0,127.51582180312575,1.0,0.9802705125720691
ID14541,14541,1,1.234686017036438,266.12236467729196,88.75645664491415,0.0,16204.459912200002,9,7.5,1,,109.19354838709592,0.0,0.0,255.0,172635.0,126.21885948619548,1.0,0.8651127797509403
ID14350,14350,1,1.4465538263320923,267.4787728770375,85.66352108807813,0.0,10802.9732748,6,7.5,1,,168.22580645161037,255.0,0.0,255.0,265965.0,120.85899930642984,0.9925507118929676,1.3867141350381667
ID14255,14255,1,1.5141019821166992,242.1366028008341,70.79462127787878,0.0,0.0,0,7.5,1,,206.45161290322218,255.0,0.0,255.0,326400.0,100.14607542499903,0.9156471642881853,1.970729306073915
ID14450,14450,1,1.2382690906524658,266.52275715758276,88.59820542797709,0.0,19805.4510038,11,7.5,1,,109.5161290322572,0.0,0.0,255.0,173145.0,126.26525434528591,1.0,0.8673496885594003
ID14103,14103,1,1.3222603797912598,267.2971631624056,86.96990008041749,0.0,12603.468820600001,7,7.5,1,,126.77419354838574,0.0,0.0,255.0,200430.0,127.53827518593232,1.0,0.9940090013258164
ID14586,14586,1,1.2760306596755981,266.47331598048265,88.02627628871554,0.0,14403.964366400001,8,7.5,1,,116.2903225806441,0.0,0.0,255.0,183855.0,127.04645751973581,1.0,0.9153369944422038
ID14204,14204,1,1.4969557523727417,255.25618310594206,88.09864011059817,0.0,5401.4866374,3,7.5,1,,208.70967741935115,255.0,0.0,255.0,329970.0,98.32269830118145,0.882424929562854,1.9901183181578537
ID14302,14302,1,1.5330171585083008,267.3305605349436,84.79509744683419,0.0,9002.477729,5,7.5,1,,213.87096774193165,255.0,0.0,255.0,338130.0,93.8182989270031,0.9263578447251904,2.1924822889121685
ID14304,14304,2,1.4211325645446777,253.49533189282815,108.00138978736976,0.0,9002.477729,5,7.5,1,,197.90322580644823,255.0,0.0,255.0,312885.0,106.33337888109692,0.8168155082783729,1.673502636749589
ID14498,14498,2,1.3223943710327148,246.1095336490019,103.1854941907893,0.0,18004.955458,10,7.5,1,,171.61290322580382,255.0,0.0,255.0,271320.0,119.66352377399114,0.8111353697207364,1.284578278054188
ID14403,14403,2,1.4292198419570923,252.96932068558652,120.67050820841284,0.0,3600.9910916000003,2,7.5,1,,242.2580645161244,255.0,0.0,255.0,383010.0,55.576886585888936,0.746863678596188,3.7273171650245254
ID14055,14055,2,1.426912784576416,256.43162178505173,114.6068596257292,0.0,7201.982183200001,4,7.5,1,,233.22580645160852,255.0,0.0,255.0,368730.0,71.28476672134884,0.7517803258409804,2.8081556615358036
ID14635,14635,2,1.5024110078811646,235.21729609905248,92.95739471837751,0.0,21605.9465496,12,7.5,1,,185.32258064515827,255.0,0.0,255.0,292995.0,113.67045273612325,0.9920106400409089,1.6238107851214711
ID14157,14157,2,1.423875331878662,252.51452430051827,119.43955830934902,0.0,1800.4955458000002,1,7.5,1,,241.29032258064055,255.0,0.0,255.0,381480.0,57.53352210478824,0.7445338856860881,3.579760708687971
ID14543,14543,2,1.3691903352737427,251.80997715806078,106.64038522508267,0.0,16204.459912200002,9,7.5,1,,185.4838709677389,255.0,0.0,255.0,293250.0,113.5882104070953,0.7987330312298813,1.450233136629436
ID14258,14258,2,1.4214856624603271,250.476668631455,119.16028427688235,0.0,0.0,0,7.5,1,,240.96774193547927,255.0,0.0,255.0,380970.0,58.16753060760203,0.7413529378098273,3.527333204137027
ID14354,14354,2,1.4000563621520996,255.59617823238315,107.15121442357942,0.0,10802.9732748,6,7.5,1,,200.9677419354804,255.0,0.0,255.0,317730.0,104.23825361028058,0.7756989636249383,1.684430481421153
ID14452,14452,2,1.2463637590408325,228.64918333703298,100.6488467753327,0.0,19805.4510038,11,7.5,1,,183.8709677419325,255.0,0.0,255.0,290700.0,114.39773410337294,0.6087984606870471,1.216459456131753
ID14105,14105,2,1.3634614944458008,253.22690547023672,106.69493072447554,0.0,12603.468820600001,7,7.5,1,,187.90322580644852,255.0,0.0,255.0,297075.0,112.31954357695376,0.7815400983671783,1.4677921645298404
ID14589,14589,2,1.3721204996109009,252.48447215023677,107.20977973850728,0.0,14403.964366400001,8,7.5,1,,187.25806451612596,255.0,0.0,255.0,296055.0,112.66433485312214,0.7935479781513859,1.4707682959005903
ID14207,14207,2,1.4278526306152344,256.2302891551661,117.92418221653462,0.0,5401.4866374,3,7.5,1,,238.87096774193094,255.0,0.0,255.0,377655.0,62.0902246602984,0.7492097418540771,3.295578507146827
ID14592,14592,3,1.4448723793029785,256.19532679118606,161.79602032998693,0.0,14403.964366400001,8,7.5,1,,190.32258064515813,255.0,0.0,255.0,300900.0,110.98362145063253,0.89470027190324,1.6195653379811747
ID14210,14210,3,1.438263177871704,260.96141884222465,160.9201629414081,0.0,5401.4866374,3,7.5,1,,245.96774193547913,255.0,0.0,255.0,388875.0,47.14923355242991,0.7487817150685212,4.467382507581292
ID14308,14308,3,1.4877339601516724,259.70942353269186,159.32981105649313,0.0,9002.477729,5,7.5,1,,205.64516129031898,255.0,0.0,255.0,325125.0,100.77701897805825,0.8852133334460498,1.916348219071022
ID14406,14406,3,1.4363243579864502,257.5918755536575,160.49059556142723,0.0,3600.9910916000003,2,7.5,1,,246.77419354838233,255.0,0.0,255.0,390150.0,45.06885300094218,0.7431407801141205,4.668655864049437
ID14502,14502,3,1.450848937034607,255.74864921496211,161.8474591902791,0.0,18004.955458,10,7.5,1,,194.1935483870935,255.0,0.0,255.0,307020.0,108.70001913929023,0.8819775652477737,1.6744734610651675
ID14058,14058,3,1.4361557960510254,263.37058400126637,160.3020329430151,0.0,7201.982183200001,4,7.5,1,,242.2580645161244,255.0,0.0,255.0,383010.0,55.576886585888936,0.7475841623522164,3.729374670991651
ID14160,14160,3,1.4391008615493774,255.73302359207563,161.55393932824873,0.0,1800.4955458000002,1,7.5,1,,248.38709677418873,255.0,0.0,255.0,392700.0,40.5413298787539,0.7470512278691814,5.23969225788044
ID14640,14640,3,1.4407812356948853,255.6190710417392,161.33494268911025,0.0,21605.9465496,12,7.5,1,,188.70967741935172,255.0,0.0,255.0,298350.0,111.8818254885175,0.8878901086019784,1.5865257705386935
ID14548,14548,3,1.446544885635376,255.77536875544067,161.9085862352052,0.0,16204.459912200002,9,7.5,1,,193.22580645160966,255.0,0.0,255.0,305490.0,109.288256596068,0.881945359240835,1.657128916309766
ID14261,14261,3,1.430142879486084,253.5596914005199,162.17918783874308,0.0,0.0,0,7.5,1,,244.99999999999528,255.0,0.0,255.0,387345.0,49.51313596320982,0.7386945867676499,4.204528114559135
ID14358,14358,3,1.4587019681930542,257.1996063323346,159.58201496589675,0.0,10802.9732748,6,7.5,1,,191.61290322580325,255.0,0.0,255.0,302940.0,110.24279044935061,0.9012863200524459,1.647858077540161
ID14456,14456,3,1.4472185373306274,255.46722380149762,161.23428611148265,0.0,19805.4510038,11,7.5,1,,191.4516129032226,255.0,0.0,255.0,302685.0,110.33649208815937,0.8910074434472482,1.6351513096486698
ID14109,14109,3,1.4589805603027344,256.35694755499554,160.76408507800622,0.0,12603.468820600001,7,7.5,1,,194.9999999999967,255.0,0.0,255.0,308295.0,108.20076276667739,0.8928845431840795,1.700221347177266
ID14595,14595,4,1.4601458311080933,263.60955689019676,196.45894772830982,0.0,14403.964366400001,8,7.5,1,,169.1935483870942,255.0,0.0,255.0,267495.0,120.52836415527337,0.991922532608751,1.3980729840098234
ID14213,14213,4,1.4908170700073242,262.8290082806653,195.51483161240208,0.0,5401.4866374,3,7.5,1,,187.09677419354531,255.0,0.0,255.0,295800.0,112.74979074203758,0.9752517027554674,1.6386070659116072
ID14310,14310,4,1.5023627281188965,260.80989470818065,194.04464526671083,0.0,9002.477729,5,7.5,1,,186.93548387096467,255.0,0.0,255.0,295545.0,112.834951210972,0.9788170103216111,1.6389811916429367
ID14503,14503,4,1.4295659065246582,266.7878114349825,198.56471583336636,0.0,18004.955458,10,7.5,1,,162.09677419354603,255.0,0.0,255.0,256275.0,122.75522158465195,0.9978859128383659,1.319090523723305
ID14409,14409,4,1.5233956575393677,260.7707012962056,198.14395059418234,0.0,3600.9910916000003,2,7.5,1,,195.16129032257734,255.0,0.0,255.0,308550.0,108.09991238467516,0.986035994924321,1.7926850146146178
ID14061,14061,4,1.4905864000320435,264.031256732318,195.40234069749602,0.0,7201.982183200001,4,7.5,1,,183.38709677419058,255.0,0.0,255.0,289935.0,114.63504858919212,0.9826918836241475,1.585782028711444
ID14641,14641,4,1.371875286102295,268.38608920271025,198.51857898548803,0.0,21605.9465496,12,7.5,1,,149.99999999999798,255.0,0.0,255.0,237150.0,125.53871257277656,0.9916493625382364,1.189840752481744
ID14164,14164,4,1.5244338512420654,255.71082744709884,201.60252119140037,0.0,1800.4955458000002,1,7.5,1,,197.4193548387063,255.0,0.0,255.0,312120.0,106.65237203454983,0.9776626112019506,1.8301471452287281
ID14550,14550,4,1.4141502380371094,268.08203900525433,198.25343985292105,0.0,16204.459912200002,9,7.5,1,,161.6129032258041,255.0,0.0,255.0,255510.0,122.89065093230533,0.9922470822909958,1.3099774330894092
ID14264,14264,4,1.512740969657898,244.5638971309328,200.13643369132146,0.0,0.0,0,7.5,1,,196.1290322580612,255.0,0.0,255.0,310080.0,107.48773753263862,0.966182670281669,1.7932809667138145
ID14360,14360,4,1.4364430904388428,260.6765105967613,193.37175367001646,0.0,10802.9732748,6,7.5,1,,166.7741935483846,255.0,0.0,255.0,263670.0,121.33878293850826,0.9863802586975527,1.3650268428559642
ID14457,14457,4,1.363362431526184,268.00230607859197,199.91131437790042,0.0,19805.4510038,11,7.5,1,,148.8709677419335,255.0,0.0,255.0,235365.0,125.7359592217159,0.9954019155292231,1.1812684241957643
ID14111,14111,4,1.4616737365722656,257.3898469095649,194.01563901434727,0.0,12603.468820600001,7,7.5,1,,174.99999999999727,255.0,0.0,255.0,276675.0,118.35903328218446,0.9895995309592392,1.4708231130840332
ID14113,14113,5,1.5627202987670898,228.03867471945603,233.08100779699225,0.0,12603.468820600001,7,7.5,1,,238.22580645160838,255.0,0.0,255.0,376635.0,63.23428602065691,0.9158546422339747,3.601887777983286
ID14598,14598,5,1.5522023439407349,231.48231159477297,235.32231684772063,0.0,14403.964366400001,8,7.5,1,,211.61290322580268,255.0,0.0,255.0,334560.0,95.8492589486041,0.9686182829730654,2.1725737593006724
ID14215,14215,5,1.387284517288208,220.39411565485796,235.39527883861092,0.0,5401.4866374,3,7.5,1,,246.77419354838233,255.0,0.0,255.0,390150.0,45.06885300094218,0.7005592272496138,4.511347975639087
ID14312,14312,5,1.5311157703399658,221.71717613392235,235.15777222123813,0.0,9002.477729,5,7.5,1,,240.80645161289863,255.0,0.0,255.0,380715.0,58.481289738599045,0.871992946972408,3.836100142501207
ID14506,14506,5,1.4201459884643555,231.5306325589328,234.85507643441687,0.0,18004.955458,10,7.5,1,,149.19354838709478,255.0,0.0,255.0,235875.0,125.68067023111934,1.0,1.1870842836272009
ID14412,14412,5,1.442044973373413,219.8299794863625,235.9047443905318,0.0,3600.9910916000003,2,7.5,1,,251.12903225805962,255.0,0.0,255.0,397035.0,31.188581948145522,0.7592772396537708,6.950201358790223
ID14063,14063,5,1.4510153532028198,219.93531414537387,236.3125132786002,0.0,7201.982183200001,4,7.5,1,,251.7741935483822,255.0,0.0,255.0,398055.0,28.507698128627737,0.7658182932328765,7.660529378200851
ID14643,14643,5,1.5725488662719727,231.6132988112494,237.49618314616012,0.0,21605.9465496,12,7.5,1,,227.74193548386674,255.0,0.0,255.0,360060.0,78.81455043679945,0.9664301233343549,2.8402628939270715
ID14166,14166,5,1.4696834087371826,217.94910342110327,236.14496035216354,0.0,1800.4955458000002,1,7.5,1,,249.67741935483386,255.0,0.0,255.0,394740.0,36.46600188654095,0.7882842577508328,6.036252699139944
ID14552,14552,5,1.4603111743927002,231.03144452444909,234.09024730893313,0.0,16204.459912200002,9,7.5,1,,159.03225806451385,255.0,0.0,255.0,251430.0,123.57842115008904,1.0,1.2868934283548197
ID14266,14266,5,1.4828318357467651,216.51508646160704,237.90891040941656,0.0,0.0,0,7.5,1,,251.4516129032209,255.0,0.0,255.0,397545.0,29.8799660708783,0.7973002524389559,7.466302604875897
ID14362,14362,5,1.5385595560073853,227.74213448937755,233.64290176219302,0.0,10802.9732748,6,7.5,1,,245.16129032257592,255.0,0.0,255.0,387600.0,49.12837659325039,0.8696292664052071,4.642245778462964
ID14460,14460,5,1.5647507905960083,232.1722799611063,236.3064652666163,0.0,19805.4510038,11,7.5,1,,228.87096774193122,255.0,0.0,255.0,361845.0,77.35607165020367,0.9380295043352509,2.86406195875025
ID14114,14114,6,1.4229378700256348,258.92796028001635,250.98660334044746,0.0,12603.468820600001,7,7.5,1,,181.61290322580354,255.0,0.0,255.0,287130.0,115.4836749292855,0.8933077522371033,1.4840071412518603
ID14599,14599,6,1.3732479810714722,257.68809967621615,252.0603376907506,0.0,14403.964366400001,8,7.5,1,,166.29032258064268,255.0,0.0,255.0,262905.0,121.49443322647616,0.9075243182116567,1.3023531958280394
ID14216,14216,6,1.4384210109710693,255.55276316119424,248.2052666272755,0.0,5401.4866374,3,7.5,1,,249.8387096774145,255.0,0.0,255.0,394995.0,35.92083305615152,0.7424102752808137,5.9270265744151205
ID14313,14313,6,1.438334584236145,262.03847014519687,247.52634909938183,0.0,9002.477729,5,7.5,1,,243.8709677419308,255.0,0.0,255.0,385560.0,52.11300815170609,0.7494027831337121,4.00930820633981
ID14507,14507,6,1.3595808744430542,257.50464210160703,252.77062320667852,0.0,18004.955458,10,7.5,1,,162.09677419354603,255.0,0.0,255.0,256275.0,122.75522158465195,0.9220366564718055,1.2669250242742223
ID14413,14413,6,1.4536174535751343,254.23030276152315,248.09705862990563,0.0,3600.9910916000003,2,7.5,1,,250.80645161289834,255.0,0.0,255.0,396525.0,32.44124947055858,0.7582998748960965,6.66836196953885
ID14064,14064,6,1.447887897491455,259.7718892106215,247.4152120918743,0.0,7201.982183200001,4,7.5,1,,248.54838709676937,255.0,0.0,255.0,392955.0,40.056870555822215,0.7592145956609979,5.35561879457964
ID14644,14644,6,1.4413902759552002,258.95307160774223,253.0441799404817,0.0,21605.9465496,12,7.5,1,,191.12903225806133,255.0,0.0,255.0,302175.0,110.52295047023452,0.870205587792546,1.6092988606464274
ID14167,14167,6,1.4399590492248535,254.881674735835,248.7646985203739,0.0,1800.4955458000002,1,7.5,1,,250.96774193547898,255.0,0.0,255.0,396780.0,31.82148938385478,0.7434204328404398,6.726044836405336
ID14553,14553,6,1.334264874458313,257.0111004617435,253.32256925915806,0.0,16204.459912200002,9,7.5,1,,161.12903225806218,255.0,0.0,255.0,254745.0,123.02402687377997,0.9034168278821242,1.243277652148217
ID14267,14267,6,1.4452407360076904,252.00738324823143,251.90355403385894,0.0,0.0,0,7.5,1,,250.80645161289834,255.0,0.0,255.0,396525.0,32.44124947055858,0.7488365759588828,6.620776811806404
ID14363,14363,6,1.4657816886901855,260.8877577953211,248.99321866552194,0.0,10802.9732748,6,7.5,1,,195.64516129031927,255.0,0.0,255.0,309315.0,107.79534622620383,0.8766065901741399,1.6956280388114062
ID14461,14461,6,1.4447227716445923,259.5197157514056,253.38583322581587,0.0,19805.4510038,11,7.5,1,,186.2903225806421,255.0,0.0,255.0,294525.0,113.17265219017047,0.89584710005835,1.5556409984283988
ID14115,14115,7,1.1389144659042358,213.98893371285666,258.55555141599086,0.0,12603.468820600001,7,7.5,1,,222.25806451612496,255.0,0.0,255.0,351390.0,85.33325849939868,0.4970478643267116,1.7295444182495507
ID14600,14600,7,1.2998086214065552,214.96559533638097,257.0320072408771,0.0,14403.964366400001,8,7.5,1,,178.54838709677136,255.0,0.0,255.0,282285.0,116.87151754342787,0.7297032554248284,1.2889970539598166
ID14217,14217,7,1.3438562154769897,211.5803985093145,252.5900496737394,0.0,5401.4866374,3,7.5,1,,220.48387096773791,255.0,0.0,255.0,348585.0,87.2643475516455,0.7050829724805645,2.0896073351789384
ID14314,14314,7,1.4543139934539795,216.5997919635913,256.6724929090596,0.0,9002.477729,5,7.5,1,,222.09677419354432,255.0,0.0,255.0,351135.0,85.51213620857665,0.838164583047119,2.3685873317480866
ID14508,14508,7,1.260403037071228,215.25787656730424,257.8872182659983,0.0,18004.955458,10,7.5,1,,158.3870967741913,255.0,0.0,255.0,250410.0,123.74135207418635,0.7581889977300619,1.1039435257285553
ID14414,14414,7,1.379120111465454,211.22781411147696,254.2931925142069,0.0,3600.9910916000003,2,7.5,1,,213.87096774193165,255.0,0.0,255.0,338130.0,93.8182989270031,0.7530253898425473,1.9584644352335887
ID14065,14065,7,1.3766229152679443,213.73172814459977,255.87917727089712,0.0,7201.982183200001,4,7.5,1,,219.1935483870928,255.0,0.0,255.0,346545.0,88.62003507434821,0.7446946862018408,2.1114687680103663
ID14645,14645,7,1.147433876991272,215.91987813462538,258.7601615932405,0.0,21605.9465496,12,7.5,1,,132.09677419354688,255.0,0.0,255.0,208845.0,127.4574244962117,0.7258532844692596,0.8717702462311024
ID14168,14168,7,1.3923711776733398,213.61885377087785,256.5233491032881,0.0,1800.4955458000002,1,7.5,1,,213.2258064516091,255.0,0.0,255.0,337110.0,94.40854655548674,0.7774262120113368,1.9757229680073802
ID14554,14554,7,1.264811635017395,215.64436422080746,257.8519734183007,0.0,16204.459912200002,9,7.5,1,,166.29032258064268,255.0,0.0,255.0,262905.0,121.49443322647616,0.7346017063999869,1.1592917776404053
ID14268,14268,7,1.3258885145187378,212.94524117428617,259.190809716577,0.0,0.0,0,7.5,1,,198.70967741935144,255.0,0.0,255.0,314160.0,105.79466540933443,0.7280278863506633,1.582641365652907
ID14364,14364,7,1.4405491352081299,215.88473039690336,257.5411027339499,0.0,10802.9732748,6,7.5,1,,215.48387096773806,255.0,0.0,255.0,340680.0,92.3064339362024,0.8212065964395334,2.105261292857108
ID14462,14462,7,1.1202081441879272,214.5156796267817,258.48646350248646,0.0,19805.4510038,11,7.5,1,,144.5161290322562,255.0,0.0,255.0,228480.0,126.39939422300665,0.6158044906325666,0.8714758649443596
ID14116,14116,8,1.0505986213684082,199.75261587105172,267.4986288731452,0.0,12603.468820600001,7,7.5,1,,230.16129032257635,255.0,0.0,255.0,363885.0,75.63417062700735,0.4283753717564965,1.8252668705626276
ID14601,14601,8,1.4156899452209473,201.78337819545595,267.7278106300941,0.0,14403.964366400001,8,7.5,1,,220.48387096773791,255.0,0.0,255.0,348585.0,87.2643475516455,0.7947551390990983,2.237680689603892
ID14218,14218,8,1.5089747905731201,199.95735483842756,269.7246460574481,0.0,5401.4866374,3,7.5,1,,235.80645161289877,255.0,0.0,255.0,372810.0,67.29656062738113,0.8724264266170012,3.265253172919726
ID14315,14315,8,1.455660343170166,199.98304844986316,267.9078675756992,0.0,9002.477729,5,7.5,1,,228.3870967741893,255.0,0.0,255.0,361080.0,77.9864768250183,0.8158896381582463,2.6316263477097857
ID14509,14509,8,1.4699616432189941,200.3984649208786,267.5253541274925,0.0,18004.955458,10,7.5,1,,224.19354838709265,255.0,0.0,255.0,354450.0,83.13229800149385,0.8508445146108436,2.479497003792649
ID14415,14415,8,1.499759316444397,200.1740808901289,270.62915421396104,0.0,3600.9910916000003,2,7.5,1,,231.77419354838275,255.0,0.0,255.0,366435.0,73.39311692581664,0.8643296441014809,2.9281710686487563
ID14066,14066,8,1.4452482461929321,199.46056221494655,268.8550958743879,0.0,7201.982183200001,4,7.5,1,,231.1290322580602,255.0,0.0,255.0,365415.0,74.30185474549128,0.7944730607089522,2.754400409853949
ID14646,14646,8,1.486361026763916,200.8137633406561,267.4871522402305,0.0,21605.9465496,12,7.5,1,,220.8064516128992,255.0,0.0,255.0,349095.0,86.91912716549083,0.8788600625072196,2.376575919065499
ID14169,14169,8,1.4683480262756348,201.2886051723415,271.69137004726747,0.0,1800.4955458000002,1,7.5,1,,237.41935483870517,255.0,0.0,255.0,375360.0,64.6268303011482,0.8166908080584299,3.303010155644394
ID14555,14555,8,1.4520045518875122,200.44938687325276,266.49145889538596,0.0,16204.459912200002,9,7.5,1,,221.12903225806048,255.0,0.0,255.0,349605.0,86.5713274274073,0.8197897289404142,2.3013514533705344
ID14269,14269,8,1.403344988822937,201.00724843770257,272.9246600066698,0.0,0.0,0,7.5,1,,242.41935483870503,255.0,0.0,255.0,383265.0,55.24239433154706,0.7517022468364685,3.7662604912939517
ID14365,14365,8,1.437079906463623,199.20458994638236,267.42210347419535,0.0,10802.9732748,6,7.5,1,,224.19354838709265,255.0,0.0,255.0,354450.0,83.13229800149385,0.7982201698612302,2.3942150343404474
ID14463,14463,8,1.4124854803085327,201.30613144287491,267.0574088414252,0.0,19805.4510038,11,7.5,1,,220.64516129031855,255.0,0.0,255.0,348840.0,87.09205785514959,0.7878218612947115,2.2327990338571615
ID14464,14464,9,1.2615703344345093,218.98314737681704,286.00960084038473,0.0,19805.4510038,11,7.5,1,,131.12903225806303,255.0,0.0,255.0,207315.0,127.48866834087228,0.9870043935178142,1.0218273563840572
ID14119,14119,9,1.5151878595352173,227.36658819307516,284.8768151157173,0.0,12603.468820600001,7,7.5,1,,214.5161290322542,255.0,0.0,255.0,339150.0,93.21984644556835,0.9191801213860867,2.20427842975735
ID14602,14602,9,1.4236834049224854,225.49619611021535,284.07532832797443,0.0,14403.964366400001,8,7.5,1,,170.96774193548126,255.0,0.0,255.0,270300.0,119.89953430204781,0.9632335963934566,1.3992210160789824
ID14219,14219,9,1.4965369701385498,224.2433478664208,287.6438973699491,0.0,5401.4866374,3,7.5,1,,248.06451612902745,255.0,0.0,255.0,392190.0,41.49140081226313,0.80790454172932,5.343441977623336
ID14316,14316,9,1.5310444831848145,228.67893116961827,290.1942239049159,0.0,9002.477729,5,7.5,1,,244.35483870967272,255.0,0.0,255.0,386325.0,51.018065399834825,0.8566406040697194,4.419750610651701
ID14510,14510,9,1.52671480178833,220.48165660763115,284.80676010777836,0.0,18004.955458,10,7.5,1,,215.80645161289934,255.0,0.0,255.0,341190.0,91.9976842519263,0.9046296779481429,2.2283212829560735
ID14416,14416,9,1.4964797496795654,221.27045493432456,287.9540473156193,0.0,3600.9910916000003,2,7.5,1,,252.5806451612854,255.0,0.0,255.0,399330.0,24.727898554574125,0.8043574381150053,9.106874705258
ID14067,14067,9,1.497467279434204,227.55399247257495,290.1078749722572,0.0,7201.982183200001,4,7.5,1,,249.8387096774145,255.0,0.0,255.0,394995.0,35.92083305615152,0.8106377661705285,6.227856284983557
ID14647,14647,9,1.2525357007980347,218.8739583902012,286.5936324262651,0.0,21605.9465496,12,7.5,1,,127.25806451612766,0.0,0.0,255.0,201195.0,127.54011210595185,1.0,0.9977885577708299
ID14170,14170,9,1.482476830482483,219.1843883455054,288.8727727285463,0.0,1800.4955458000002,1,7.5,1,,250.32258064515642,255.0,0.0,255.0,395760.0,34.22871216723128,0.8046243446689804,6.521474798513461
ID14556,14556,9,1.3866835832595825,222.4336963545529,284.3440622768025,0.0,16204.459912200002,9,7.5,1,,160.96774193548154,255.0,0.0,255.0,254490.0,123.06803036532007,0.961677245768267,1.2824055332072215
ID14270,14270,9,1.4632902145385742,214.59417627579978,291.6668864306232,0.0,0.0,0,7.5,1,,246.6129032258017,255.0,0.0,255.0,389895.0,45.49368503106083,0.7948529321773361,4.8012308377685775
ID14366,14366,9,1.5420937538146973,226.86878723849108,288.140344436206,0.0,10802.9732748,6,7.5,1,,231.77419354838275,255.0,0.0,255.0,366435.0,73.39311692581664,0.8890902065023505,2.9725753499543113
ID14368,14368,10,1.5228643417358398,256.17824270661174,316.43525119788524,0.0,10802.9732748,6,7.5,1,,237.0967741935439,255.0,0.0,255.0,374850.0,65.17272179986341,0.8554767511412039,3.354613392942021
ID14465,14465,10,1.5151143074035645,249.84634442642056,310.1255843057862,0.0,19805.4510038,11,7.5,1,,214.0322580645123,255.0,0.0,255.0,338385.0,93.66946111780386,0.8952022411625796,2.1586230331409313
ID14120,14120,10,1.525842547416687,256.4807269255268,315.8716846957002,0.0,12603.468820600001,7,7.5,1,,224.99999999999585,255.0,0.0,255.0,355725.0,82.18437900172097,0.8773940984158588,2.5589541025460707
ID14603,14603,10,1.5220078229904175,255.03476407973258,312.79460775803307,0.0,14403.964366400001,8,7.5,1,,216.77419354838318,255.0,0.0,255.0,342720.0,91.0582939837211,0.8964591829131865,2.250635090871558
ID14220,14220,10,1.5056803226470947,250.30865396005825,313.05718650219455,0.0,5401.4866374,3,7.5,1,,239.83870967741478,255.0,0.0,255.0,379185.0,60.32052504014658,0.8286770270246021,3.6035657612568843
ID14317,14317,10,1.506869912147522,256.43293537738515,316.08008943283636,0.0,9002.477729,5,7.5,1,,246.77419354838233,255.0,0.0,255.0,390150.0,45.06885300094218,0.8230248860609415,4.943944668767551
ID14511,14511,10,1.5123674869537354,250.85534571901584,311.2397748600467,0.0,18004.955458,10,7.5,1,,212.9032258064478,255.0,0.0,255.0,336600.0,94.70064157599288,0.8903475141506324,2.1177623159053214
ID14417,14417,10,1.500362753868103,245.28802860186616,311.05410040353445,0.0,3600.9910916000003,2,7.5,1,,237.74193548386646,255.0,0.0,255.0,375870.0,64.07466328026261,0.8216927257569654,3.3472162806938144
ID14068,14068,10,1.5059341192245483,254.86592186382163,314.2885790088141,0.0,7201.982183200001,4,7.5,1,,245.64516129031784,255.0,0.0,255.0,388365.0,47.95232294292612,0.8234438563081391,4.626687390956057
ID14648,14648,10,1.5137652158737183,249.12817255085645,310.8319931620165,0.0,21605.9465496,12,7.5,1,,212.25806451612524,255.0,0.0,255.0,335580.0,95.27886688284497,0.8977618841301337,2.107740084530836
ID14171,14171,10,1.492339849472046,245.20466330564628,308.5228628545109,0.0,1800.4955458000002,1,7.5,1,,233.06451612902788,255.0,0.0,255.0,368475.0,71.52355290283559,0.8208759513248272,2.93801660509868
ID14557,14557,10,1.5098963975906372,252.87216294968272,311.7385615515665,0.0,16204.459912200002,9,7.5,1,,211.45161290322204,255.0,0.0,255.0,334305.0,95.99064942722107,0.8896362899519674,2.0741794988002997
ID14271,14271,10,1.501765251159668,242.48162874079944,310.8866357865969,0.0,0.0,0,7.5,1,,243.38709677418888,255.0,0.0,255.0,384795.0,53.18100865443215,0.8176728410891356,4.117511592663156
ID14274,14274,11,1.4786403179168701,256.2311930022454,355.6773208923783,0.0,0.0,0,7.5,1,,253.70967741934987,255.0,0.0,255.0,401115.0,18.09901986883127,0.77375529459475,12.229871698934053
ID14370,14370,11,1.5142676830291748,261.5195364418696,363.51867931941194,0.0,10802.9732748,6,7.5,1,,239.03225806451158,255.0,0.0,255.0,377910.0,61.79984717341244,0.8357747950496942,3.521834760885941
ID14467,14467,11,1.5347907543182373,258.3424060020976,358.8587222651478,0.0,19805.4510038,11,7.5,1,,229.1935483870925,255.0,0.0,255.0,362355.0,76.93123994756644,0.8852477547154526,2.797860477590825
ID14122,14122,11,1.5279136896133423,259.8790484252902,362.7197808935293,0.0,12603.468820600001,7,7.5,1,,242.41935483870503,255.0,0.0,255.0,383265.0,55.24239433154706,0.8551727201287534,4.045705651442016
ID14605,14605,11,1.527136206626892,258.32555091310644,361.55202997759136,0.0,14403.964366400001,8,7.5,1,,234.83870967741493,255.0,0.0,255.0,371280.0,68.83057474407916,0.8617524600539113,3.158485450376701
ID14222,14222,11,1.488489031791687,264.11792306614785,357.92850730621376,0.0,5401.4866374,3,7.5,1,,250.96774193547898,255.0,0.0,255.0,396780.0,31.82148938385478,0.7947449395623273,6.98477514777409
ID14319,14319,11,1.494010090827942,262.804428595943,364.6637253007814,0.0,9002.477729,5,7.5,1,,241.1290322580599,255.0,0.0,255.0,381225.0,57.85161987721377,0.8067858048206844,3.722335835636921
ID14513,14513,11,1.5282564163208008,259.05005248730697,360.02904322528923,0.0,18004.955458,10,7.5,1,,227.25806451612482,255.0,0.0,255.0,359295.0,79.42649937894225,0.8794265842915538,2.6776764652422114
ID14419,14419,11,1.4728474617004395,262.93350718137356,355.81893239540744,0.0,3600.9910916000003,2,7.5,1,,254.51612903225308,255.0,0.0,255.0,402390.0,11.100941877865104,0.7638452180634023,19.857765068380925
ID14070,14070,11,1.4864778518676758,261.7213639495893,362.75671219524963,0.0,7201.982183200001,4,7.5,1,,249.0322580645113,255.0,0.0,255.0,393720.0,38.562946691000846,0.7922077077080297,5.709079792137304
ID14650,14650,11,1.5374317169189453,258.44298944960207,358.8127107415708,0.0,21605.9465496,12,7.5,1,,228.3870967741893,255.0,0.0,255.0,361080.0,77.9864768250183,0.8920080026028213,2.7613918605134637
ID14174,14174,11,1.4867126941680908,262.94036528829014,356.7575945154609,0.0,1800.4955458000002,1,7.5,1,,253.8709677419305,255.0,0.0,255.0,401370.0,16.935463454458674,0.7820700656709348,13.157301789559579
ID14559,14559,11,1.5213643312454224,258.90654079106343,360.7455365832436,0.0,16204.459912200002,9,7.5,1,,224.51612903225393,255.0,0.0,255.0,354960.0,82.75537704320503,0.8798419597068994,2.539596092487671
ID14561,14561,12,1.4254933595657349,269.1667529460994,429.297662658628,0.0,16204.459912200002,9,7.5,1,,190.6451612903194,255.0,0.0,255.0,301410.0,110.80028771007714,0.857398348547049,1.588519250513311
ID14178,14178,12,1.469499111175537,255.95398573978565,448.47062759284756,0.0,1800.4955458000002,1,7.5,1,,212.25806451612524,255.0,0.0,255.0,335580.0,95.27886688284497,0.8312958595408253,2.022528805825135
ID14277,14277,12,1.4469424486160278,247.43375800446807,453.4250586472322,0.0,0.0,0,7.5,1,,205.48387096773834,255.0,0.0,255.0,324870.0,100.90196030860606,0.8252899498610937,1.8415470716767857
ID14373,14373,12,1.4858828783035278,270.61767841883534,439.21433508097596,0.0,10802.9732748,6,7.5,1,,213.38709677418973,255.0,0.0,255.0,337365.0,94.26174538766038,0.8489045142520051,2.0787728379222874
ID14469,14469,12,1.383782982826233,269.3985337864187,418.82196257623593,0.0,19805.4510038,11,7.5,1,,176.77419354838432,255.0,0.0,255.0,279480.0,117.6310160680482,0.8671423496651992,1.3958539482229424
ID14125,14125,12,1.4864606857299805,269.910549586248,437.52727756300646,0.0,12603.468820600001,7,7.5,1,,212.0967741935446,255.0,0.0,255.0,335325.0,95.42219374551829,0.8563784303823246,2.0507554237362458
ID14607,14607,12,1.426368236541748,266.88758195627196,435.57849305042953,0.0,14403.964366400001,8,7.5,1,,187.25806451612596,255.0,0.0,255.0,296055.0,112.66433485312214,0.872505140921735,1.5489202039281378
ID14225,14225,12,1.4582949876785278,268.8061297613875,438.54443561281965,0.0,5401.4866374,3,7.5,1,,216.61290322580254,255.0,0.0,255.0,342465.0,91.21624430882154,0.8085737091057452,2.1233693038842656
ID14322,14322,12,1.475145936012268,271.830700907659,439.02697751133326,0.0,9002.477729,5,7.5,1,,217.41935483870574,255.0,0.0,255.0,343740.0,90.42085485241479,0.8274746457225185,2.1775238733001676
ID14515,14515,12,1.3910906314849854,270.1295865191258,427.0731173239367,0.0,18004.955458,10,7.5,1,,179.5161290322552,255.0,0.0,255.0,283815.0,116.44375737709116,0.8618347284960297,1.427250235623435
ID14422,14422,12,1.461631417274475,263.98315041109754,444.2211288702421,0.0,3600.9910916000003,2,7.5,1,,213.2258064516091,255.0,0.0,255.0,337110.0,94.40854655548674,0.8163824442323223,2.0302279900425364
ID14073,14073,12,1.4823408126831055,269.1162229249699,437.6633184099639,0.0,7201.982183200001,4,7.5,1,,217.74193548386702,255.0,0.0,255.0,344250.0,90.09871066975872,0.8343106574637315,2.198408529672469
ID14652,14652,12,1.356220006942749,268.6366032852769,413.0760128503959,0.0,21605.9465496,12,7.5,1,,170.64516129031998,255.0,0.0,255.0,269790.0,120.01606415546664,0.8609559825865157,1.3156168918002964
ID14180,14180,13,1.5592401027679443,250.9182730133236,477.6257870809515,0.0,1800.4955458000002,1,7.5,1,,244.35483870967272,255.0,0.0,255.0,386325.0,51.018065399834825,0.8982858284277618,4.532939216136314
ID14564,14564,13,1.5587149858474731,255.15774048029186,462.9714716621325,0.0,16204.459912200002,9,7.5,1,,219.51612903225407,255.0,0.0,255.0,347055.0,88.28483404998394,0.9507161419522417,2.4236344464956545
ID14279,14279,13,1.5628912448883057,246.85426002844284,479.5503891327722,0.0,0.0,0,7.5,1,,243.70967741935016,255.0,0.0,255.0,385305.0,52.47191980777382,0.9077996576239242,4.420109867585966
ID14377,14377,13,1.5693501234054565,257.5788555140135,468.94179262139255,0.0,10802.9732748,6,7.5,1,,241.1290322580599,255.0,0.0,255.0,381225.0,57.85161987721377,0.9264570534311058,4.008943497167933
ID14473,14473,13,1.5533438920974731,257.9794600647181,465.77348865253987,0.0,19805.4510038,11,7.5,1,,214.67741935483485,255.0,0.0,255.0,339405.0,93.06893281656782,0.960832954159774,2.2605749995819635
ID14129,14129,13,1.5695794820785522,256.6416866016752,465.775919830634,0.0,12603.468820600001,7,7.5,1,,234.354838709673,255.0,0.0,255.0,370515.0,69.57985092948726,0.9385184664466008,3.261319193017941
ID14611,14611,13,1.5637692213058472,256.57955521810464,464.9787384230279,0.0,14403.964366400001,8,7.5,1,,223.70967741935073,255.0,0.0,255.0,353685.0,83.69216401600254,0.949187069362917,2.6033242349029058
ID14229,14229,13,1.5633591413497925,258.0876018150882,473.33588027826363,0.0,5401.4866374,3,7.5,1,,243.70967741935016,255.0,0.0,255.0,385305.0,52.47191980777382,0.908653922406076,4.422289124152214
ID14326,14326,13,1.5687848329544067,257.93368191660943,468.89599491039615,0.0,9002.477729,5,7.5,1,,241.4516129032212,255.0,0.0,255.0,381735.0,57.21320081135793,0.9239186202669565,4.053319921565321
ID14520,14520,13,1.5566481351852417,257.80029129042765,464.85180850892897,0.0,18004.955458,10,7.5,1,,219.03225806451215,255.0,0.0,255.0,346290.0,88.78672124902312,0.9575872472467644,2.4134998945217
ID14426,14426,13,1.5617724657058716,254.5320266606111,475.0664774190577,0.0,3600.9910916000003,2,7.5,1,,244.83870967741464,255.0,0.0,255.0,387090.0,49.894406671169264,0.9039632294380457,4.6596191718419915
ID14078,14078,13,1.5643748044967651,258.38793408768134,471.92392551547846,0.0,7201.982183200001,4,7.5,1,,242.58064516128567,255.0,0.0,255.0,383520.0,54.90539024829542,0.9121182816465175,4.215096932663314
ID14655,14655,13,1.5535768270492554,260.8931175426254,465.9083538372638,0.0,21605.9465496,12,7.5,1,,213.06451612902845,255.0,0.0,255.0,336855.0,94.55484450754001,0.9729983016567676,2.222504811266011
ID14657,14657,14,1.265381097793579,234.85948595437722,514.0094945321069,0.0,21605.9465496,12,7.5,1,,154.67741935483656,255.0,0.0,255.0,244545.0,124.609225850282,0.8655329319900931,1.1518273645987689
ID14082,14082,14,1.3779407739639282,247.847832449222,517.0013073553993,0.0,7201.982183200001,4,7.5,1,,179.5161290322552,255.0,0.0,255.0,283815.0,116.44375737709116,0.8405520788607789,1.4081008996862439
ID14566,14566,14,1.2754802703857422,233.5408098249622,509.48246800389967,0.0,16204.459912200002,9,7.5,1,,157.41935483870745,255.0,0.0,255.0,248880.0,123.9790482701132,0.8538865856465763,1.1696525033013896
ID14185,14185,14,1.3116475343704224,238.01990287217996,518.4215191570564,0.0,1800.4955458000002,1,7.5,1,,180.80645161290033,255.0,0.0,255.0,285855.0,115.85837265952055,0.7479507380000231,1.3355504585646483
ID14475,14475,14,1.2604609727859497,230.60187185143226,511.5043763203126,0.0,19805.4510038,11,7.5,1,,154.8387096774172,255.0,0.0,255.0,244800.0,124.57391652279533,0.8688822978662093,1.155743393132543
ID14284,14284,14,1.1077450513839722,233.38311255650586,521.899115422082,0.0,0.0,0,7.5,1,,184.999999999997,255.0,0.0,255.0,292485.0,113.83407311754803,0.5092924562815481,1.0967895158094823
ID14380,14380,14,1.4327049255371094,245.08003617409815,509.64326951556666,0.0,10802.9732748,6,7.5,1,,188.70967741935172,255.0,0.0,255.0,298350.0,111.8818254885175,0.8649553194489172,1.5645515118185005
ID14132,14132,14,1.3803969621658325,240.2986106732598,506.5020814478445,0.0,12603.468820600001,7,7.5,1,,178.54838709677136,255.0,0.0,255.0,282285.0,116.87151754342787,0.8572637708636603,1.4103215006287029
ID14613,14613,14,1.3043878078460693,239.53481238517492,508.9482801981293,0.0,14403.964366400001,8,7.5,1,,160.8064516129009,255.0,0.0,255.0,254235.0,123.11180668681715,0.852463482895637,1.202153397858114
ID14233,14233,14,1.3450956344604492,245.29590779353313,518.526294092478,0.0,5401.4866374,3,7.5,1,,173.38709677419087,255.0,0.0,255.0,274125.0,118.99403531688402,0.8276368268915894,1.3196886585010996
ID14330,14330,14,1.3787649869918823,244.49904634689884,513.4196618321537,0.0,9002.477729,5,7.5,1,,181.4516129032229,255.0,0.0,255.0,286875.0,115.55916219553372,0.8399825737973255,1.4336495756571868
ID14522,14522,14,1.231673002243042,230.0061980855685,511.4807917918469,0.0,18004.955458,10,7.5,1,,153.38709677419143,255.0,0.0,255.0,242505.0,124.88383740924627,0.8214389009166948,1.1078303175864217
ID14430,14430,14,1.355804681777954,240.57748276924963,518.1059555501704,0.0,3600.9910916000003,2,7.5,1,,173.8709677419328,255.0,0.0,255.0,274890.0,118.80619170834437,0.8452687421980449,1.3407665799137714
ID14432,14432,15,1.4872560501098633,260.82987793750743,534.4128846728466,0.0,3600.9910916000003,2,7.5,1,,219.999999999996,255.0,0.0,255.0,347820.0,87.77740835614404,0.8468864848076997,2.298555112765589
ID14084,14084,15,1.4994242191314697,270.37269995749307,535.5934303513733,0.0,7201.982183200001,4,7.5,1,,221.93548387096368,255.0,0.0,255.0,350880.0,85.69033673477297,0.8520884795241311,2.383130658669222
ID14660,14660,15,1.4135702848434448,266.4637255292921,530.3237861614963,0.0,21605.9465496,12,7.5,1,,190.48387096773877,255.0,0.0,255.0,301155.0,110.89210983879609,0.8363005129848112,1.5646102280489043
ID14568,14568,15,1.4616575241088867,269.48636019987924,530.5352135727267,0.0,16204.459912200002,9,7.5,1,,189.032258064513,255.0,0.0,255.0,298860.0,111.70462677213771,0.9131997503783659,1.6154749368507566
ID14186,14186,15,1.431117057800293,245.59186878241314,537.0659810210944,0.0,1800.4955458000002,1,7.5,1,,222.09677419354432,255.0,0.0,255.0,351135.0,85.51213620857665,0.7771940051801582,2.2716378329755003
ID14285,14285,15,1.3406891822814941,239.3358533574159,538.1839458589366,0.0,0.0,0,7.5,1,,204.35483870967386,255.0,0.0,255.0,323085.0,101.76509291688227,0.7108807123012899,1.6687569534416056
ID14477,14477,15,1.441723346710205,267.39967587145395,528.9537652970703,0.0,19805.4510038,11,7.5,1,,186.12903225806147,255.0,0.0,255.0,294270.0,113.25634549920088,0.9102226812870471,1.5661928135565653
ID14382,14382,15,1.509156584739685,274.06039109267374,534.1357762942973,0.0,10802.9732748,6,7.5,1,,223.2258064516088,255.0,0.0,255.0,352920.0,84.24552869889986,0.8612721103030095,2.4522122095439465
ID14134,14134,15,1.5077340602874756,270.5292206516062,531.550097961957,0.0,12603.468820600001,7,7.5,1,,203.22580645160937,255.0,0.0,255.0,321300.0,102.60853588958086,0.9221297345219904,1.9003547892442658
ID14615,14615,15,1.4689713716506958,270.0350199295199,530.6700894454558,0.0,14403.964366400001,8,7.5,1,,191.4516129032226,255.0,0.0,255.0,302685.0,110.33649208815937,0.9147969225199183,1.6579515185338185
ID14235,14235,15,1.496239185333252,270.0036965369758,535.0788590391488,0.0,5401.4866374,3,7.5,1,,217.2580645161251,255.0,0.0,255.0,343485.0,90.58106625055612,0.855917850051318,2.2122887362969594
ID14332,14332,15,1.5107414722442627,271.1484470298707,533.9454294592721,0.0,9002.477729,5,7.5,1,,223.70967741935073,255.0,0.0,255.0,353685.0,83.69216401600254,0.8593398613404614,2.470791776440006
ID14524,14524,15,1.459725022315979,268.53596841325253,529.5176259587306,0.0,18004.955458,10,7.5,1,,189.032258064513,255.0,0.0,255.0,298860.0,111.70462677213771,0.9120932825501976,1.6144512569989091
ID14433,14433,16,1.5662047863006592,230.91959911212234,545.6428436396947,0.0,3600.9910916000003,2,7.5,1,,247.74193548386617,255.0,0.0,255.0,391680.0,42.41774400088744,0.9369699303638465,5.650472035618551
ID14085,14085,16,1.5266517400741577,237.44694074799986,543.0983545113272,0.0,7201.982183200001,4,7.5,1,,244.677419354834,255.0,0.0,255.0,386835.0,50.272268092446645,0.8854488301323116,4.571346335124773
ID14661,14661,16,1.5055503845214844,236.37187226626,544.7423324968206,0.0,21605.9465496,12,7.5,1,,189.67741935483556,255.0,0.0,255.0,299880.0,111.34657800233076,0.9767614746790749,1.6834607950242453
ID14569,14569,16,1.41813325881958,241.42478188690953,543.0425680462027,0.0,16204.459912200002,9,7.5,1,,209.83870967741564,255.0,0.0,255.0,331755.0,97.37856400902605,0.7963838644144164,1.9106253846271704
ID14187,14187,16,1.5760904550552368,222.224604994413,546.9310276483775,0.0,1800.4955458000002,1,7.5,1,,251.29032258064026,255.0,0.0,255.0,397290.0,30.54170982770436,0.9267883750164799,7.915146783410577
ID14287,14287,16,1.5816543102264404,215.50322216618068,552.0526146853067,0.0,0.0,0,7.5,1,,245.4838709677372,255.0,0.0,255.0,388110.0,48.348057955246986,0.9535895422067737,4.956807833409707
ID14383,14383,16,1.5800389051437378,241.96628221645653,535.0421103258719,0.0,10802.9732748,6,7.5,1,,244.19354838709208,255.0,0.0,255.0,386070.0,51.38614534126898,0.9524570672489721,4.6364123727129405
ID14479,14479,16,1.4299403429031372,236.63226697514654,545.0509311297709,0.0,19805.4510038,11,7.5,1,,184.19354838709378,255.0,0.0,255.0,291210.0,114.2381112397097,0.8754213725690168,1.5052605519474989
ID14135,14135,16,1.485336184501648,237.63379742667755,535.2085049713048,0.0,12603.468820600001,7,7.5,1,,169.5161290322555,255.0,0.0,255.0,268005.0,120.41622130598977,1.0,1.4077516068329192
ID14616,14616,16,1.2336697578430176,238.88441895358642,539.2406728636158,0.0,14403.964366400001,8,7.5,1,,165.64516129032012,255.0,0.0,255.0,261885.0,121.6986627540744,0.6867691720748154,1.1083529477788414
ID14236,14236,16,1.5374505519866943,234.74535190410026,544.5977308765221,0.0,5401.4866374,3,7.5,1,,247.4193548387049,255.0,0.0,255.0,391170.0,43.32188156834489,0.9078567147081251,5.43535494638476
ID14333,14333,16,1.5772464275360107,237.34307568134335,535.6689697186561,0.0,9002.477729,5,7.5,1,,252.74193548386603,255.0,0.0,255.0,399585.0,23.89704591771323,0.927613743586291,10.179120253245461
ID14525,14525,16,1.2970104217529297,244.17925316410347,540.8951459844766,0.0,18004.955458,10,7.5,1,,185.4838709677389,255.0,0.0,255.0,293250.0,113.5882104070953,0.7223364607278537,1.369696767317918
ID14288,14288,17,1.3836922645568848,240.2666346160515,565.8302233894553,0.0,0.0,0,7.5,1,,210.32258064515756,255.0,0.0,255.0,332520.0,96.96709439214146,0.802969339067691,1.9319778207936553
ID14481,14481,17,1.0843238830566406,249.57917721566872,561.6358016025385,0.0,19805.4510038,11,7.5,1,,110.48387096774104,0.0,0.0,255.0,174675.0,126.39939422300696,0.8461821085731039,0.801259488936964
ID14386,14386,17,1.2904424667358398,251.1174442342942,558.9413057099325,0.0,10802.9732748,6,7.5,1,,132.74193548386944,255.0,0.0,255.0,209865.0,127.43250561429669,0.9677922768583984,1.0246152589917414
ID14435,14435,17,1.3756824731826782,246.95625993416687,563.1738799376002,0.0,3600.9910916000003,2,7.5,1,,190.9677419354807,255.0,0.0,255.0,301920.0,110.61570880624299,0.8774614251547187,1.6137275464881176
ID14087,14087,17,1.3652350902557373,247.6519865545182,560.4628368424412,0.0,7201.982183200001,4,7.5,1,,187.09677419354531,255.0,0.0,255.0,295800.0,112.74979074203758,0.8127610162477824,1.4879997646272358
ID14663,14663,17,1.1056562662124634,250.54343466132053,560.7681558649049,0.0,21605.9465496,12,7.5,1,,112.09677419354745,0.0,0.0,255.0,177225.0,126.60619746451086,0.8810320219046129,0.8293992726882695
ID14138,14138,17,1.243362307548523,249.99696453628968,559.1301637860203,0.0,12603.468820600001,7,7.5,1,,126.93548387096638,0.0,0.0,255.0,200685.0,127.53909159809444,0.9594020899053404,0.9746457926769042
ID14619,14619,17,1.1788052320480347,249.50462050286416,559.9947108653265,0.0,14403.964366400001,8,7.5,1,,118.87096774193435,0.0,0.0,255.0,187935.0,127.24791330864696,0.9232219593516311,0.8968748412404169
ID14189,14189,17,1.430200457572937,244.27250217073333,562.902342359006,0.0,1800.4955458000002,1,7.5,1,,189.51612903225492,255.0,0.0,255.0,299625.0,111.43654844034796,0.8964434402616682,1.6077981311458438
ID14238,14238,17,1.3885186910629272,247.58000580728793,561.1672774101089,0.0,5401.4866374,3,7.5,1,,188.70967741935172,255.0,0.0,255.0,298350.0,111.8818254885175,0.8792906363917256,1.5783493021776915
ID14335,14335,17,1.4512648582458496,250.31466279221172,558.4052449715899,0.0,9002.477729,5,7.5,1,,182.74193548386802,255.0,0.0,255.0,288915.0,114.94753538985381,0.9293732509353948,1.5315898075009946
ID14527,14527,17,1.083088994026184,249.41961875214932,562.2541641101108,0.0,18004.955458,10,7.5,1,,114.51612903225706,0.0,0.0,255.0,181050.0,126.87730752084904,0.7148862207706136,0.752513536342237
ID14528,14528,19,1.5296378135681152,228.6501112105203,584.2452932915742,0.0,18004.955458,10,7.5,1,,219.35483870967343,255.0,0.0,255.0,346800.0,88.45274049423064,0.9266803103856047,2.385537224718882
ID14337,14337,19,1.4253454208374023,226.2474816822492,575.7239916322578,0.0,9002.477729,5,7.5,1,,244.99999999999528,255.0,0.0,255.0,387345.0,49.51313596320982,0.7633792588707523,4.284205298963398
ID14438,14438,19,1.2007131576538086,228.58849100096467,578.0514474375094,0.0,3600.9910916000003,2,7.5,1,,254.999999999995,255.0,255.0,255.0,403155.0,5.003803590643346E-12,0.5141741639789438,3.4610218464577586E13
ID14088,14088,19,1.2397030591964722,229.23170201831348,577.7278863864107,0.0,7201.982183200001,4,7.5,1,,254.999999999995,255.0,255.0,255.0,403155.0,5.003803590643346E-12,0.5464632454923649,3.601565156828943E13
ID14664,14664,19,1.546264886856079,227.50989918710087,583.2292704651296,0.0,21605.9465496,12,7.5,1,,222.90322580644752,255.0,0.0,255.0,352410.0,84.61088969007005,0.9239998039703482,2.5303869732993496
ID14571,14571,19,1.5386099815368652,227.86985894337727,583.2331861818097,0.0,16204.459912200002,9,7.5,1,,232.7419354838666,255.0,0.0,255.0,367965.0,71.99766482534103,0.9027742545488072,3.0674544700583093
ID14191,14191,19,1.2068064212799072,224.17181658840394,577.2294374280397,0.0,1800.4955458000002,1,7.5,1,,254.999999999995,255.0,255.0,255.0,403155.0,5.003803590643346E-12,0.5172648409593396,3.4747333889329957E13
ID14289,14289,19,1.223077654838562,219.56906793269724,579.1959971518987,0.0,0.0,0,7.5,1,,254.999999999995,255.0,255.0,255.0,403155.0,5.003803590643346E-12,0.5300171526586551,3.530722187373549E13
ID14482,14482,19,1.540606141090393,228.11795650060824,583.6309036370986,0.0,19805.4510038,11,7.5,1,,225.32258064515713,255.0,0.0,255.0,356235.0,81.79990825050757,0.9191611482156489,2.638530456465192
ID14387,14387,19,1.532668948173523,226.65062990593583,578.0796903588837,0.0,10802.9732748,6,7.5,1,,238.22580645160838,255.0,0.0,255.0,376635.0,63.23428602065691,0.8706959272147725,3.506949357602633
ID14139,14139,19,1.5427409410476685,226.35194680449283,578.86801968622,0.0,12603.468820600001,7,7.5,1,,236.45161290322133,255.0,0.0,255.0,373830.0,66.2462969989089,0.8881427955709904,3.357829425141344
ID14620,14620,19,1.545547604560852,226.8656725206785,581.2711928749823,0.0,14403.964366400001,8,7.5,1,,227.90322580644738,255.0,0.0,255.0,360315.0,78.60884654674817,0.9209652286510635,2.779923046729115
ID14239,14239,19,1.2242366075515747,228.14193487776427,575.8347534542751,0.0,5401.4866374,3,7.5,1,,254.999999999995,255.0,255.0,255.0,403155.0,5.003803590643346E-12,0.53475567790777,3.5512895010864055E13
ID14241,14241,20,1.3772006034851074,267.57375914123963,580.1855288085276,0.0,5401.4866374,3,7.5,1,,225.80645161289905,255.0,0.0,255.0,357000.0,81.21738595359234,0.6941488780808316,2.2783392296246383
ID14529,14529,20,1.2653106451034546,262.4687969686985,584.894233793145,0.0,18004.955458,10,7.5,1,,153.87096774193336,255.0,0.0,255.0,243270.0,124.78249349131555,0.8275179139999127,1.116731540766717
ID14338,14338,20,1.4093842506408691,265.8509144813567,582.7722864954397,0.0,9002.477729,5,7.5,1,,217.90322580644767,255.0,0.0,255.0,344505.0,89.93677171940803,0.7554218364505798,2.0852801001208774
ID14437,14437,20,1.3687875270843506,265.96175031903846,577.7455844734304,0.0,3600.9910916000003,2,7.5,1,,232.58064516128596,255.0,0.0,255.0,367710.0,72.23301327946928,0.6981766039557232,2.647587197770337
ID14089,14089,20,1.380157709121704,268.2662785900259,579.0667398383135,0.0,7201.982183200001,4,7.5,1,,218.54838709677023,255.0,0.0,255.0,345525.0,89.28316335385993,0.7127784986823156,2.037330187740182
ID14665,14665,20,1.2119967937469482,263.32959152690273,583.5099759945575,0.0,21605.9465496,12,7.5,1,,145.48387096774005,255.0,0.0,255.0,230010.0,126.26525434528664,0.8068553175511414,1.0290424086558208
ID14572,14572,20,1.2752641439437866,261.6591530927278,584.4631633668457,0.0,16204.459912200002,9,7.5,1,,159.1935483870945,255.0,0.0,255.0,251685.0,123.53712805866941,0.7967300233569733,1.1428423253772415
ID14192,14192,20,1.3369128704071045,266.13448080501206,577.8859752954506,0.0,1800.4955458000002,1,7.5,1,,232.41935483870532,255.0,0.0,255.0,367455.0,72.4672382011006,0.6605433818334301,2.5515947287381517
ID14291,14291,20,1.4510902166366577,263.60735070089777,581.3180406743111,0.0,0.0,0,7.5,1,,226.29032258064098,255.0,0.0,255.0,357765.0,80.62774965161233,0.8044160089877901,2.5023927437713955
ID14483,14483,20,1.2284729480743408,262.5798295276288,584.5009465271721,0.0,19805.4510038,11,7.5,1,,149.99999999999798,255.0,0.0,255.0,237150.0,125.53871257277656,0.8152587557744335,1.0732490573744415
ID14388,14388,20,1.4111661911010742,265.64423276010666,584.3565981329516,0.0,10802.9732748,6,7.5,1,,211.45161290322204,255.0,0.0,255.0,334305.0,95.99064942722107,0.7647524867226111,1.9091900540919784
ID14140,14140,20,1.3858771324157715,263.1717425688686,584.9542433899661,0.0,12603.468820600001,7,7.5,1,,210.16129032257692,255.0,0.0,255.0,332265.0,97.10471273213234,0.7425785207282328,1.8445585302447054
ID14621,14621,20,1.3230712413787842,261.6189643948076,584.5143589027163,0.0,14403.964366400001,8,7.5,1,,169.1935483870942,255.0,0.0,255.0,267495.0,120.52836415527337,0.8092459664040352,1.2557623628715828
ID14624,14624,22,1.4805389642715454,256.6546956581825,620.4988592317072,0.0,14403.964366400001,8,7.5,1,,169.03225806451357,255.0,0.0,255.0,267240.0,120.58407265892069,0.998647921146693,1.4008310099669905
ID14531,14531,22,1.5497078895568848,255.80967985974218,620.5260036171659,0.0,18004.955458,10,7.5,1,,210.64516129031884,255.0,0.0,255.0,333030.0,96.69046244996038,0.9648021135058129,2.139524555449127
ID14244,14244,22,1.4413193464279175,227.83878329526584,616.2886714783078,0.0,5401.4866374,3,7.5,1,,223.38709677418944,255.0,0.0,255.0,353175.0,84.06178821834013,0.7934398385727007,2.3513465679462664
ID14341,14341,22,1.498616337776184,243.78257447442226,621.8292290211388,0.0,9002.477729,5,7.5,1,,233.5483870967698,255.0,0.0,255.0,369240.0,70.80367556605,0.8318312909386004,2.9957174177950887
ID14440,14440,22,1.3482508659362793,225.82318127177348,619.0325477884414,0.0,3600.9910916000003,2,7.5,1,,230.96774193547955,255.0,0.0,255.0,365160.0,74.52643467312399,0.6819099455350089,2.5130160647983284
ID14667,14667,22,1.5519421100616455,256.7881389558167,618.2609632127841,0.0,21605.9465496,12,7.5,1,,215.48387096773806,255.0,0.0,255.0,340680.0,92.3064339362024,0.965066459867091,2.2929404208728603
ID14093,14093,22,1.4966078996658325,233.35961709806523,616.7882882590212,0.0,7201.982183200001,4,7.5,1,,232.09677419354404,255.0,0.0,255.0,366945.0,72.93236069416241,0.8259273004999981,2.878970193487793
ID14574,14574,22,1.5175023078918457,254.50877149201042,620.7166899885185,0.0,16204.459912200002,9,7.5,1,,190.16129032257749,255.0,0.0,255.0,300645.0,111.07482331307443,0.9904247756658482,1.7037748651905673
ID14194,14194,22,1.277864694595337,225.0049417903544,619.9270173160918,0.0,1800.4955458000002,1,7.5,1,,230.16129032257635,255.0,0.0,255.0,363885.0,75.63417062700735,0.6165094564261414,2.3211634494034916
ID14293,14293,22,1.2161942720413208,225.97616069111834,622.4939883770885,0.0,0.0,0,7.5,1,,224.67741935483457,255.0,0.0,255.0,355215.0,82.56579840189191,0.5682062623952064,1.9719326138261175
ID14485,14485,22,1.539742350578308,255.29941051743606,619.1387036934949,0.0,19805.4510038,11,7.5,1,,207.58064516128667,255.0,0.0,255.0,328185.0,99.24500104664382,0.9690858036440648,2.058760384872108
ID14391,14391,22,1.5306659936904907,251.5160377292824,622.1041018443921,0.0,10802.9732748,6,7.5,1,,242.41935483870503,255.0,0.0,255.0,383265.0,55.24239433154706,0.8653750309927423,4.071580203307578
ID14143,14143,22,1.545788049697876,254.74695361124716,620.8879287546733,0.0,12603.468820600001,7,7.5,1,,241.1290322580599,255.0,0.0,255.0,381225.0,57.85161987721377,0.8885006575920313,3.9219728964274876
ID14195,14195,23,1.1878026723861694,210.04838263421163,622.4442793266309,0.0,1800.4955458000002,1,7.5,1,,231.1290322580602,255.0,0.0,255.0,365415.0,74.30185474549128,0.5404394334639707,2.182665803099551
ID14292,14292,23,1.1649062633514404,205.39339597329126,616.4031360067136,0.0,0.0,0,7.5,1,,208.70967741935115,255.0,0.0,255.0,329970.0,98.32269830118145,0.5111120769909763,1.435946503278153
ID14340,14340,23,1.4854990243911743,208.55971439971157,620.0568064140264,0.0,9002.477729,5,7.5,1,,212.58064516128653,255.0,0.0,255.0,336090.0,94.99074227957418,0.8916327556104671,2.1097044746780838
ID14245,14245,23,1.4159162044525146,207.42945009573918,622.3414643167843,0.0,5401.4866374,3,7.5,1,,224.8387096774152,255.0,0.0,255.0,355470.0,82.37546746363967,0.7881082878222613,2.4059980237083396
ID14390,14390,23,1.5222995281219482,209.2949501914581,617.2147338677154,0.0,10802.9732748,6,7.5,1,,208.38709677418987,255.0,0.0,255.0,329460.0,98.58841401354015,0.9388254136219978,2.0470152267471273
ID14441,14441,23,1.3084272146224976,208.4712641413154,621.8792085709357,0.0,3600.9910916000003,2,7.5,1,,230.322580645157,255.0,0.0,255.0,364140.0,75.41461549526366,0.656277354836993,2.420278525169877
ID14094,14094,23,1.4577479362487793,207.95200281122837,619.8805974875904,0.0,7201.982183200001,4,7.5,1,,216.12903225806062,255.0,0.0,255.0,341700.0,91.68675924664376,0.8367402133131369,2.147728543840209
ID14142,14142,23,1.4162874221801758,209.36110122917327,617.4467745484336,0.0,12603.468820600001,7,7.5,1,,170.16129032257805,255.0,0.0,255.0,269025.0,120.18902272735349,0.9806998265051252,1.401985096059442
ID14623,14623,23,1.2061775922775269,206.03391270738115,619.9277672080751,0.0,14403.964366400001,8,7.5,1,,135.64516129032097,255.0,0.0,255.0,214455.0,127.27982213895645,0.8803230707107558,0.99789386160446
ID14575,14575,23,1.0544501543045044,203.99918605170168,621.2700902690423,0.0,16204.459912200002,9,7.5,1,,112.25806451612809,0.0,0.0,255.0,177480.0,126.62572855745914,0.7813479414698962,0.7777164850773466
ID14145,14145,24,1.5298939943313599,234.43790961033255,648.7672270945494,0.0,12603.468820600001,7,7.5,1,,250.48387096773706,255.0,0.0,255.0,396015.0,33.644218555664544,0.8395972974329621,6.795909478906695
ID14626,14626,24,1.5360804796218872,232.0683924671309,652.0477258750707,0.0,14403.964366400001,8,7.5,1,,248.06451612902745,255.0,0.0,255.0,392190.0,41.49140081226313,0.8566445372686691,5.517069180692129
ID14533,14533,24,1.554109811782837,233.87224349625546,652.7222395831873,0.0,18004.955458,10,7.5,1,,240.16129032257606,255.0,0.0,255.0,379695.0,59.71548508419064,0.895745609821996,3.800586914758596
ID14247,14247,24,1.4866523742675781,236.19872817694105,647.9638174303586,0.0,5401.4866374,3,7.5,1,,253.70967741934987,255.0,0.0,255.0,401115.0,18.09901986883127,0.7815889087927248,12.299369801193086
ID14343,14343,24,1.5087738037109375,233.83861909184145,649.2156024342073,0.0,9002.477729,5,7.5,1,,254.03225806451115,255.0,0.0,255.0,401625.0,15.684172358021671,0.8057334640237553,14.454231723359506
ID14443,14443,24,1.4855657815933228,233.3497283020521,649.1202272325258,0.0,3600.9910916000003,2,7.5,1,,254.35483870967244,255.0,0.0,255.0,402135.0,12.814201365491435,0.7753264551639428,17.33743449861451
ID14669,14669,24,1.5571686029434204,234.0638191903482,650.4857485847224,0.0,21605.9465496,12,7.5,1,,237.74193548386646,255.0,0.0,255.0,375870.0,64.07466328026261,0.9064682064865908,3.5283565574891154
ID14096,14096,24,1.499236822128296,234.9340851257107,648.782932208384,0.0,7201.982183200001,4,7.5,1,,254.67741935483372,255.0,0.0,255.0,402645.0,9.066752585682789,0.7959824674465168,24.89832207815681
ID14577,14577,24,1.551698923110962,234.2088716544236,652.514253432753,0.0,16204.459912200002,9,7.5,1,,241.77419354838247,255.0,0.0,255.0,382245.0,56.56573630281306,0.8879383754395224,4.020513327536868
ID14197,14197,24,1.4747328758239746,235.6972443432487,648.5966446941486,0.0,1800.4955458000002,1,7.5,1,,254.83870967741436,255.0,0.0,255.0,402900.0,6.413192049055229,0.7778300296300761,34.770874693236586
ID14295,14295,24,1.3840192556381226,234.16264454112599,647.7838165698346,0.0,0.0,0,7.5,1,,249.8387096774145,255.0,0.0,255.0,394995.0,35.92083305615152,0.6901790243599857,5.680314377917195
ID14487,14487,24,1.5595966577529907,234.4038835635792,651.6861808799237,0.0,19805.4510038,11,7.5,1,,238.38709677418902,255.0,0.0,255.0,376890.0,62.95084025727992,0.9106413967761672,3.6097690309844075
ID14393,14393,24,1.5186131000518799,235.69899138504087,648.3699599256522,0.0,10802.9732748,6,7.5,1,,253.70967741934987,255.0,0.0,255.0,401115.0,18.09901986883127,0.8221923642296426,12.650019317136382
ID14148,14148,25,1.5312206745147705,246.51202033405607,677.1627922012002,0.0,12603.468820600001,7,7.5,1,,218.70967741935087,255.0,0.0,255.0,345780.0,89.11828202506175,0.9029917142000801,2.3290459551494433
ID14628,14628,25,1.5240458250045776,248.47068255257741,676.7782742513464,0.0,14403.964366400001,8,7.5,1,,213.38709677418973,255.0,0.0,255.0,337365.0,94.26174538766038,0.9089556483195224,2.1558052621837884
ID14535,14535,25,1.5084964036941528,248.9594134868572,675.4341795553923,0.0,18004.955458,10,7.5,1,,206.1290322580609,255.0,0.0,255.0,325890.0,100.3997064819273,0.9094336550796763,1.9557041878783714
ID14249,14249,25,1.5343716144561768,244.78459551433133,680.6147311416529,0.0,5401.4866374,3,7.5,1,,230.8064516128989,255.0,0.0,255.0,364905.0,74.74999163538102,0.8794185112237065,2.8896077567791467
ID14345,14345,25,1.5312238931655884,246.25422993505634,678.8891176403505,0.0,9002.477729,5,7.5,1,,225.32258064515713,255.0,0.0,255.0,356235.0,81.79990825050757,0.8842918020898114,2.5854094741468088
ID14445,14445,25,1.544103980064392,238.9903119172778,678.316743610882,0.0,3600.9910916000003,2,7.5,1,,237.9032258064471,255.0,0.0,255.0,376125.0,63.796175600367874,0.8823788621887478,3.496099144744705
ID14671,14671,25,1.519071102142334,248.30750488451315,674.0084262775745,0.0,21605.9465496,12,7.5,1,,207.2580645161254,255.0,0.0,255.0,327675.0,99.5045915538683,0.9225666336683803,1.999008566113808
ID14098,14098,25,1.5339646339416504,246.36583164639524,680.5373519104597,0.0,7201.982183200001,4,7.5,1,,229.1935483870925,255.0,0.0,255.0,362355.0,76.93123994756644,0.8839187552865418,2.7956308935649594
ID14579,14579,25,1.480026364326477,244.78058522561278,676.565711728499,0.0,16204.459912200002,9,7.5,1,,198.06451612902887,255.0,0.0,255.0,313140.0,106.22634485551828,0.8965287085229123,1.7628250559883774
ID14199,14199,25,1.51857590675354,232.39143118752636,679.6513749289214,0.0,1800.4955458000002,1,7.5,1,,238.06451612902774,255.0,0.0,255.0,376380.0,63.516057071586204,0.8752475645205997,3.4987542115905725
ID14297,14297,25,1.3770205974578857,228.94398563793743,682.0209249435347,0.0,0.0,0,7.5,1,,223.70967741935073,255.0,0.0,255.0,353685.0,83.69216401600254,0.7214966397390279,2.240567866635896
ID14489,14489,25,1.5118745565414429,248.58097087121513,674.7791330023697,0.0,19805.4510038,11,7.5,1,,204.03225806451258,255.0,0.0,255.0,322575.0,102.008064197347,0.9239802885714657,1.921128495219344
ID14395,14395,25,1.5328811407089233,246.083860564634,677.7448043494095,0.0,10802.9732748,6,7.5,1,,225.48387096773777,255.0,0.0,255.0,356490.0,81.60651515436156,0.891600400826042,2.6047227467315763
ID14151,14151,26,1.1346960067749023,232.64668878303402,700.7696627834749,0.0,12603.468820600001,7,7.5,1,,125.96774193548254,0.0,0.0,255.0,199155.0,127.53113135657412,0.9590965768706622,0.9671183481277511
ID14631,14631,26,1.0802987813949585,230.81465954481223,698.7434408809047,0.0,14403.964366400001,8,7.5,1,,116.61290322580538,0.0,0.0,255.0,184365.0,127.07452487173224,0.6817259415371544,0.7439996064890201
ID14538,14538,26,1.1854932308197021,223.40274192020263,699.0299441225472,0.0,18004.955458,10,7.5,1,,118.38709677419243,0.0,0.0,255.0,187170.0,127.21415487472505,0.9455044337299844,0.9045452008839066
ID14347,14347,26,1.3611276149749756,231.49505787376447,707.5951768987942,0.0,9002.477729,5,7.5,1,,115.45920303605209,0.0,0.0,255.0,182541.0,124.63816647967406,0.9311467353492394,0.8933267734322671
ID14252,14252,26,1.41108238697052,235.98005899501473,707.5951768987942,0.0,5401.4866374,3,7.5,1,,115.30107526881616,0.0,0.0,255.0,182291.0,124.416620160898,0.9784169670860091,0.9166237403628305
ID14447,14447,26,1.2208913564682007,234.94505873626468,707.5951768987942,0.0,3600.9910916000003,2,7.5,1,,92.00189753320645,0.0,0.0,255.0,145455.0,119.0963044902417,1.0,0.7725000194338081
ID14673,14673,26,1.1507505178451538,225.78179529883022,698.5337219386294,0.0,21605.9465496,12,7.5,1,,116.93548387096666,0.0,0.0,255.0,184875.0,127.1017668098053,0.7844888268703658,0.8089052508247121
ID14100,14100,26,1.3615678548812866,232.1850580462645,707.5951768987942,0.0,7201.982183200001,4,7.5,1,,114.21062618595725,0.0,0.0,255.0,180567.0,124.51467012720289,0.9492575562311509,0.8933688849829066
ID14582,14582,26,1.1664592027664185,227.01919402363208,699.2204819361167,0.0,16204.459912200002,9,7.5,1,,118.38709677419243,0.0,0.0,255.0,187170.0,127.21415487472505,0.9034755040127679,0.8834216102458368
ID14201,14201,26,1.4360871315002441,232.1850580462645,707.5951768987942,0.0,1800.4955458000002,1,7.5,1,,123.70398481973307,105.0,0.0,255.0,195576.0,124.79304758125689,0.9610261356273857,0.9715722709745823
ID14299,14299,26,1.4548240900039673,231.49505787376447,707.5951768987942,0.0,0.0,0,7.5,1,,126.37001897533071,105.0,0.0,255.0,199791.0,124.7789451438092,0.9697001618512654,0.9971720200358113
ID14491,14491,26,1.1411957740783691,223.60988823882806,697.6462541774775,0.0,19805.4510038,11,7.5,1,,115.4838709677409,0.0,0.0,255.0,182580.0,126.97267432207416,0.7205937184126394,0.7618214569040134
ID14397,14397,26,1.24346125125885,227.70005692501422,707.5951768987942,0.0,10802.9732748,6,7.5,1,,116.5888678051855,0.0,0.0,255.0,184327.0,124.03876681692655,0.7870440546062004,0.8279296278308692
